1112
0	189	1112
1	187	1
2	187	1
3	188	1
4	187	1
5	188	1112
6	187	1
7	187	1
8	187	1
9	188	1112
10	188	1
11	188	1112
12	189	1112
13	188	1112
14	189	3
15	187	1
16	187	1
17	187	1
18	188	1112
19	189	1112
20	187	2
21	187	1
22	187	1
23	188	1112
24	188	1
25	189	1
26	187	2
27	188	1
28	188	1
29	187	1
30	195	1112
31	187	1
32	187	1
33	187	1
34	188	1112
35	187	1
36	187	3
37	188	1
38	188	1
39	187	1
40	187	1
41	187	1
42	188	1112
43	187	2
44	188	1112
45	187	1
46	187	1
47	187	1
48	187	1
49	188	1
50	188	1112
51	193	1112
52	187	1
53	187	1
54	187	1
55	187	1
56	188	1112
57	188	1
58	187	1
59	187	1
60	188	1112
61	188	1112
62	187	1
63	187	1
64	188	1112
65	187	1
66	189	1112
67	187	1
68	187	3
69	189	1112
70	187	1
71	188	1112
72	187	2
73	188	2
74	188	1112
75	187	1
76	188	1
77	187	2
78	189	1112
79	188	1
80	188	1
81	189	1112
82	188	2
83	187	1
84	187	1
85	187	1
86	187	1
87	187	1
88	187	2
89	187	1
90	187	1
91	187	1
92	187	1
93	188	1
94	187	1
95	188	1
96	188	1112
97	187	1
98	187	1
99	188	1
100	188	1
101	188	1112
102	188	1112
103	188	1
104	188	1112
105	188	1
106	187	1
107	188	1
108	187	1
109	188	1
110	188	1
111	188	1112
112	190	2
113	189	1
114	188	1
115	187	2
116	188	1112
117	193	2
118	187	1
119	187	1
120	188	1
121	187	1
122	187	1
123	188	1112
124	187	3
125	188	1112
126	187	1
127	187	1
128	188	1
129	188	1112
130	187	1
131	188	1
132	188	1
133	188	1
134	187	1
135	187	1
136	188	1
137	188	1112
138	188	1112
139	189	1112
140	188	1112
141	188	1112
142	188	1
143	187	1
144	187	1
145	188	1
146	187	1
147	187	1
148	187	1
149	188	1112
150	188	1112
151	187	1
152	189	2
153	187	1
154	188	1112
155	187	1
156	188	1
157	188	1
158	188	1
159	188	1
160	188	1112
161	188	1112
162	188	2
163	187	1
164	188	1
165	188	1
166	188	1
167	188	1
168	188	1
169	188	1
170	188	1
171	188	1
172	187	1
173	187	1
174	187	1
175	188	1
176	188	1
177	188	1
178	188	1
179	188	1
180	188	1
181	188	1
182	188	1
183	188	1
184	188	1112
185	188	1
186	188	1
187	190	1
188	188	1
189	188	1
190	188	1
191	187	1
192	188	1
193	187	1
194	188	1
195	189	1
196	188	1
197	188	1
198	188	1
199	188	1
200	188	1
201	189	1112
202	188	1
203	189	1
204	188	1
205	188	1
206	188	1
207	188	1
208	188	1
209	188	1
210	188	1
211	188	1
212	188	1
213	189	1
214	188	1112
215	187	1
216	187	1
217	188	1
218	187	1
219	188	1
220	188	1
221	188	1
222	188	1
223	188	1
224	187	2
225	188	1
226	188	1
227	187	1
228	188	1
229	187	1
230	187	1
231	188	1
232	188	1
233	188	1
234	187	1
235	188	1
236	188	1112
237	187	1
238	188	2
239	188	1112
240	188	1
241	188	1
242	188	1
243	188	1
244	187	1
245	188	1
246	188	1
247	188	1
248	188	1
249	188	1
250	188	1
251	188	1
252	188	1112
253	188	1
254	188	1
255	188	1
256	187	1
257	188	1
258	188	1
259	187	1
260	188	1112
261	188	1
262	187	1
263	188	1
264	190	1112
265	188	1
266	187	1
267	188	1
268	188	1
269	188	1
270	187	1
271	188	1
272	188	1
273	188	1112
274	187	2
275	188	1
276	188	1
277	187	1
278	187	1
279	188	1
280	188	1
281	188	1
282	189	2
283	188	1
284	188	1
285	188	1
286	191	1
287	188	1
288	187	1
289	188	1
290	188	1
291	188	1
292	188	1
293	188	1
294	188	1
295	187	1
296	188	1
297	188	1112
298	188	1
299	188	1
300	188	1
301	187	1
302	188	1
303	188	1
304	187	1
305	189	2
306	188	2
307	188	1112
308	188	1
309	188	1112
310	188	1
311	188	1
312	188	1112
313	188	1112
314	189	1
315	188	1
316	188	1
317	188	1
318	188	1
319	188	1
320	188	1
321	188	1
322	187	1
323	188	1
324	188	1112
325	189	1
326	188	1
327	187	1
328	188	1
329	188	1
330	189	1112
331	188	1
332	188	1
333	188	1
334	188	1112
335	188	1
336	188	1
337	188	1
338	188	1112
339	189	1112
340	187	1
341	188	1
342	188	1
343	188	1
344	188	1
345	188	1112
346	188	1
347	188	1
348	188	1
349	188	1
350	188	1
351	188	1
352	188	1
353	188	1
354	188	1
355	188	1112
356	187	1
357	188	1
358	188	1
359	188	1
360	188	1
361	188	1
362	188	1
363	188	1112
364	188	1
365	188	1
366	188	1
367	188	1
368	188	1
369	188	1
370	188	1
371	188	1
372	188	1
373	190	1112
374	187	1
375	188	1
376	187	1
377	188	1
378	188	1
379	188	1
380	187	1
381	188	1
382	188	1112
383	188	1112
384	187	1
385	188	1
386	188	1
387	189	1
388	188	1
389	188	1
390	188	1112
391	187	4
392	188	1
393	188	1
394	188	1
395	188	1
396	188	1
397	188	1
398	188	1
399	188	1112
400	188	1
401	188	1
402	188	1
403	188	1
404	188	1
405	188	1
406	187	1
407	188	1
408	187	1
409	188	1
410	188	1
411	188	1
412	188	1
413	189	1
414	187	1
415	188	1
416	188	1
417	188	1112
418	188	1
419	187	1
420	188	1
421	188	1
422	188	1
423	188	1
424	187	2
425	190	1
426	187	1
427	187	1
428	188	1
429	187	1
430	188	1
431	188	1
432	188	2
433	188	1
434	188	1
435	188	1
436	188	1
437	188	1
438	188	1
439	188	1
440	187	1
441	188	1
442	192	1112
443	187	1
444	188	1
445	188	1
446	187	1
447	189	4
448	187	1
449	187	1
450	188	1
451	187	1
452	187	1
453	188	1
454	188	1
455	188	1112
456	188	1
457	188	1
458	188	1
459	187	1
460	188	1
461	188	1
462	187	1
463	187	1
464	188	1
465	188	1
466	189	1112
467	188	1
468	188	1
469	188	1
470	187	1
471	188	1
472	188	1
473	188	1
474	188	2
475	188	1
476	188	1
477	188	1
478	188	1
479	188	1
480	188	1
481	188	1
482	188	1
483	188	1
484	188	1112
485	188	1112
486	188	1
487	187	1
488	188	1112
489	188	1
490	188	1
491	188	1
492	188	1
493	188	1
494	188	1
495	188	1
496	188	2
497	189	1
498	188	1
499	187	1
500	187	1
501	189	1112
502	188	1112
503	187	1
504	187	1
505	191	1112
506	236	1112
507	188	1
508	187	1
509	188	1112
510	188	1
511	187	1
512	188	1112
513	188	1112
514	187	1
515	187	2
516	188	1112
517	187	1
518	187	2
519	188	1
520	188	1
521	188	1112
522	188	1
523	188	2
524	188	1112
525	187	1
526	188	1112
527	188	1112
528	187	1
529	187	2
530	188	1
531	187	1
532	187	2
533	187	1
534	187	1
535	187	1
536	187	1
537	187	1
538	188	1
539	187	1
540	188	1
541	188	1112
542	187	1
543	188	1
544	188	1
545	187	1
546	189	1112
547	189	2
548	188	1
549	187	1
550	187	1
551	187	1
552	187	1
553	188	1
554	193	4
555	190	1112
556	189	1112
557	188	1
558	187	1
559	189	1
560	187	1
561	187	1
562	187	2
563	188	1112
564	188	1112
565	188	1
566	191	1112
567	188	1
568	188	1
569	187	1
570	187	3
571	188	1
572	187	1
573	187	1
574	188	1
575	188	1
576	187	1
577	187	1
578	187	2
579	188	1
580	187	1
581	188	1112
582	190	1112
583	187	3
584	188	1
585	188	1112
586	188	1112
587	189	1112
588	187	1
589	187	1
590	188	1
591	191	1112
592	188	1
593	188	1
594	187	1
595	188	1
596	187	1
597	187	1
598	187	1
599	188	1
600	188	1112
601	187	1
602	188	1112
603	188	1112
604	188	1
605	189	1
606	187	1
607	188	1
608	187	1
609	187	1
610	187	1
611	187	2
612	188	1
613	188	1
614	190	1112
615	195	1112
616	219	1112
617	187	1
618	188	1112
619	188	1112
620	187	1
621	187	2
622	187	1
623	187	1
624	188	1112
625	187	1
626	187	1
627	187	3
628	187	1
629	188	1
630	188	1112
631	188	1
632	187	1
633	187	1
634	188	1112
635	188	1112
636	187	1
637	188	1
638	189	1112
639	188	1112
640	187	1
641	187	1
642	188	1112
643	187	1
644	188	1112
645	187	1
646	189	1
647	187	1
648	187	1
649	187	1
650	202	1112
651	187	1
652	188	1
653	188	1112
654	188	1112
655	187	1
656	187	1
657	187	1
658	187	1
659	188	1
660	188	1
661	188	1
662	187	2
663	187	1
664	187	1
665	188	1
666	188	1
667	188	1112
668	193	2
669	188	1
670	187	1
671	188	1112
672	188	1112
673	188	1
674	187	1
675	188	1112
676	187	1
677	187	2
678	189	1112
679	188	1112
680	189	2
681	188	1112
682	187	1
683	188	1112
684	187	1
685	187	1
686	189	1112
687	187	1
688	187	1
689	188	1112
690	188	1112
691	188	1112
692	188	1112
693	187	1
694	189	1112
695	187	1
696	187	1
697	187	1
698	188	1
699	187	2
700	188	1
701	188	1
702	188	1
703	188	1112
704	187	1
705	187	2
706	187	1
707	188	1
708	187	1
709	187	1
710	188	1112
711	187	1
712	187	1
713	188	1
714	187	1
715	187	1
716	188	1112
717	187	1
718	188	1112
719	187	2
720	187	1
721	187	1
722	187	2
723	187	1
724	187	1
725	188	1112
726	188	1112
727	188	1112
728	188	1
729	188	1112
730	189	1
731	187	1
732	187	1
733	187	1
734	188	1112
735	187	1
736	188	1112
737	188	1
738	187	1
739	187	1
740	188	1112
741	187	1
742	187	2
743	188	1
744	188	1
745	187	1
746	188	1112
747	188	2
748	188	4
749	187	1
750	188	1112
751	187	1
752	193	1112
753	188	1
754	188	1112
755	187	1
756	187	1
757	187	1
758	187	1
759	188	1
760	187	1
761	187	1
762	188	1112
763	188	1112
764	188	2
765	187	1
766	189	1112
767	188	1
768	187	1
769	187	1
770	188	1112
771	187	1
772	187	1
773	187	1
774	188	1112
775	188	1
776	187	1
777	188	1112
778	188	1
779	188	1112
780	188	1
781	188	1
782	187	2
783	188	1
784	188	1
785	188	1
786	188	1
787	188	1
788	188	1
789	188	1112
790	187	1
791	188	1
792	188	1
793	188	1
794	188	1
795	189	1112
796	188	1
797	188	1
798	188	1
799	188	1
800	188	2
801	188	1
802	188	1
803	187	1
804	189	1112
805	188	1
806	188	1
807	188	1
808	188	1
809	188	1
810	187	1
811	188	1
812	188	1112
813	188	1
814	188	1
815	188	1
816	187	1
817	187	1
818	188	1112
819	188	1
820	189	1112
821	188	1
822	188	1
823	188	1
824	187	1
825	188	1
826	187	1
827	188	1
828	187	3
829	188	1
830	187	1
831	188	1
832	187	1
833	187	1
834	188	1
835	188	1
836	188	1
837	188	2
838	188	1
839	188	1
840	188	1
841	187	1
842	188	1
843	188	1
844	188	1
845	188	1
846	188	1
847	187	1
848	188	3
849	187	2
850	188	1
851	188	1
852	188	1
853	187	2
854	188	1
855	188	1
856	188	1
857	188	1
858	188	1
859	187	1
860	188	1
861	187	2
862	188	1
863	188	1
864	187	1
865	188	1
866	188	1112
867	188	1
868	187	3
869	188	1
870	188	1
871	188	1
872	188	1
873	188	1
874	188	1
875	188	1
876	188	1
877	188	1
878	188	1
879	188	1
880	188	1
881	187	1
882	188	1
883	187	1
884	187	1
885	188	1
886	189	1
887	188	1
888	188	1
889	188	1
890	188	1
891	188	1
892	188	1112
893	188	1
894	188	1
895	187	1
896	188	1
897	188	1
898	188	1
899	188	1
900	188	1
901	188	1
902	188	1
903	188	1
904	188	1
905	188	1
906	188	1
907	188	1
908	188	1
909	187	1
910	187	1
911	188	1
912	188	1
913	188	1
914	189	2
915	188	1
916	187	1
917	188	1
918	188	1112
919	187	2
920	187	1
921	188	1
922	188	1
923	188	1
924	188	1
925	188	1
926	188	1
927	188	1
928	188	1
929	188	1
930	187	1
931	188	1
932	190	1112
933	188	1112
934	187	1
935	188	1
936	188	1
937	188	1
938	188	1112
939	188	1
940	188	1
941	187	1
942	187	1
943	188	1
944	188	1
945	188	1112
946	188	1
947	188	1
948	188	1
949	188	1
950	187	1
951	187	1
952	188	1
953	187	1
954	187	2
955	188	1
956	188	1
957	188	1
958	187	1
959	188	1112
960	188	2
961	188	1
962	188	1
963	188	1
964	188	1
965	188	1
966	188	1
967	188	1
968	188	1112
969	187	1
970	188	1
971	188	1
972	188	1
973	188	1
974	188	1
975	190	2
976	188	1
977	188	1
978	188	1
979	188	1
980	188	1
981	188	1
982	188	1
983	188	1
984	188	1
985	188	1
986	188	1
987	188	1
988	188	1
989	188	1
990	188	1
991	188	1
992	188	1112
993	188	1
994	187	1
995	187	1
996	188	1
997	188	1
998	187	1
999	187	1
1000	187	1
1001	188	1112
1002	188	1
1003	188	1
1004	188	1
1005	188	1
1006	188	1
1007	188	1112
1008	188	1
1009	196	1112
1010	188	1
1011	188	1112
1012	188	1
1013	188	1112
1014	188	1
1015	188	1
1016	188	1
1017	188	1
1018	188	1
1019	188	1112
1020	188	1
1021	188	1
1022	188	1
1023	188	1
1024	187	1
1025	193	2
1026	188	1
1027	188	1
1028	188	1
1029	188	1
1030	188	2
1031	188	1
1032	188	1
1033	188	1
1034	187	1
1035	188	1
1036	187	1
1037	188	1
1038	188	1
1039	188	1
1040	188	1
1041	188	1
1042	188	1
1043	188	1
1044	187	1
1045	188	1
1046	188	1
1047	187	1
1048	188	1
1049	188	1
1050	188	1
1051	187	1
1052	188	1
1053	187	1
1054	188	1
1055	188	1
1056	188	1112
1057	188	1
1058	188	1
1059	188	1
1060	188	1112
1061	187	1
1062	188	1
1063	188	1
1064	188	1
1065	188	1
1066	187	1
1067	188	1
1068	188	1112
1069	187	2
1070	188	1
1071	188	1
1072	188	1
1073	188	1112
1074	188	1
1075	188	1
1076	188	1
1077	188	1
1078	189	1
1079	187	1
1080	188	1
1081	188	1112
1082	188	1112
1083	188	1
1084	187	1
1085	188	1
1086	188	1
1087	188	1
1088	188	1
1089	188	1
1090	188	1
1091	188	1
1092	188	1
1093	187	2
1094	188	1
1095	188	1
1096	188	1
1097	188	1
1098	189	1112
1099	188	1
1100	187	1
1101	188	1
1102	188	1
1103	187	1
1104	188	1
1105	188	1
1106	187	1
1107	188	1
1108	188	1
1109	188	1
1110	188	1
1111	188	1
