5424
0	668	1
1	671	5424
2	669	1
3	669	1
4	669	1
5	668	1
6	668	2
7	669	1
8	668	2
9	669	1
10	669	1
11	669	1
12	669	1
13	669	1
14	669	1
15	669	1
16	669	1
17	669	1
18	670	2
19	668	1
20	673	5424
21	669	1
22	669	5424
23	669	1
24	669	1
25	668	2
26	668	1
27	669	1
28	668	1
29	669	1
30	669	1
31	669	1
32	668	2
33	669	1
34	668	4
35	669	1
36	670	5424
37	669	2
38	670	2
39	668	1
40	669	5424
41	671	5424
42	669	1
43	669	1
44	669	2
45	670	3
46	669	1
47	669	1
48	668	2
49	669	1
50	668	1
51	668	1
52	669	1
53	668	3
54	668	1
55	669	1
56	669	1
57	669	1
58	669	1
59	669	1
60	669	5424
61	670	5424
62	668	1
63	668	4
64	669	1
65	669	1
66	669	1
67	668	1
68	670	1
69	669	1
70	669	1
71	668	1
72	672	5424
73	669	1
74	669	1
75	668	5
76	672	3
77	668	4
78	669	1
79	668	1
80	669	1
81	669	1
82	669	5424
83	671	3
84	669	1
85	669	1
86	669	1
87	669	1
88	669	1
89	669	1
90	669	1
91	668	1
92	685	5424
93	669	3
94	669	1
95	669	1
96	669	1
97	669	1
98	669	1
99	669	1
100	669	1
101	668	1
102	668	2
103	669	1
104	668	1
105	669	1
106	669	1
107	668	1
108	668	1
109	670	1
110	669	1
111	668	1
112	669	1
113	669	1
114	669	1
115	669	1
116	668	1
117	669	1
118	668	6
119	668	1
120	669	1
121	668	1
122	669	1
123	669	2
124	669	1
125	668	1
126	669	1
127	669	1
128	668	1
129	669	2
130	668	1
131	668	2
132	669	1
133	669	1
134	669	5424
135	668	1
136	669	5424
137	669	2
138	668	1
139	669	5424
140	669	1
141	668	2
142	668	2
143	669	5424
144	669	1
145	669	5424
146	668	1
147	669	1
148	670	1
149	669	1
150	668	2
151	668	1
152	669	1
153	669	1
154	669	1
155	669	1
156	669	1
157	669	1
158	668	1
159	669	1
160	668	1
161	670	2
162	669	5424
163	669	1
164	671	4
165	669	1
166	669	1
167	669	1
168	669	1
169	668	4
170	669	5424
171	669	1
172	669	2
173	669	1
174	669	1
175	669	1
176	668	1
177	669	1
178	670	5424
179	669	5424
180	669	1
181	669	1
182	669	1
183	681	5424
184	669	1
185	670	5424
186	668	1
187	669	1
188	668	2
189	669	1
190	669	1
191	668	1
192	668	1
193	669	1
194	668	1
195	669	1
196	669	1
197	669	5424
198	669	1
199	669	5424
200	669	1
201	669	1
202	669	1
203	669	1
204	669	5424
205	670	5424
206	669	1
207	669	2
208	669	1
209	669	1
210	670	1
211	669	1
212	669	1
213	668	1
214	669	1
215	669	5424
216	668	1
217	668	1
218	669	1
219	669	1
220	669	5424
221	670	1
222	669	1
223	670	1
224	669	1
225	669	1
226	668	1
227	669	2
228	669	1
229	669	1
230	669	5424
231	669	1
232	669	1
233	669	1
234	670	5424
235	668	1
236	669	1
237	671	5424
238	671	1
239	669	1
240	669	2
241	669	1
242	668	3
243	669	1
244	672	5424
245	669	2
246	669	1
247	669	1
248	669	1
249	669	1
250	669	1
251	669	1
252	668	1
253	668	1
254	669	1
255	668	1
256	671	5424
257	669	1
258	669	1
259	668	1
260	669	1
261	669	1
262	669	1
263	669	1
264	669	5424
265	669	1
266	669	2
267	670	2
268	670	4
269	669	5424
270	668	1
271	668	1
272	669	1
273	669	5424
274	669	1
275	668	1
276	669	1
277	669	1
278	669	5424
279	669	2
280	669	1
281	669	1
282	669	1
283	668	3
284	669	1
285	671	5424
286	669	1
287	669	1
288	669	1
289	669	1
290	669	5424
291	668	1
292	669	1
293	669	1
294	669	1
295	669	1
296	673	1
297	669	5424
298	669	1
299	669	1
300	669	1
301	669	3
302	668	1
303	668	1
304	669	1
305	668	2
306	669	1
307	669	1
308	668	2
309	668	2
310	669	1
311	669	1
312	669	1
313	668	2
314	668	1
315	668	3
316	669	1
317	669	1
318	669	1
319	668	1
320	669	5424
321	669	1
322	668	1
323	669	1
324	669	1
325	668	3
326	669	1
327	669	1
328	669	1
329	669	1
330	670	2
331	668	1
332	669	1
333	669	1
334	669	2
335	669	2
336	668	2
337	669	1
338	669	1
339	669	1
340	668	1
341	668	1
342	669	1
343	669	1
344	668	1
345	669	1
346	669	1
347	669	1
348	669	1
349	668	1
350	669	1
351	669	1
352	669	1
353	669	5424
354	669	1
355	669	5424
356	669	1
357	669	1
358	670	2
359	669	1
360	669	1
361	669	1
362	669	1
363	668	1
364	669	1
365	669	1
366	670	2
367	669	5424
368	669	1
369	669	1
370	668	2
371	669	1
372	669	1
373	668	3
374	668	1
375	669	1
376	669	1
377	669	1
378	669	5424
379	669	1
380	670	1
381	669	2
382	670	5424
383	669	1
384	669	1
385	669	1
386	669	1
387	669	5424
388	669	1
389	669	1
390	669	5424
391	669	1
392	669	1
393	669	1
394	669	1
395	669	1
396	669	1
397	669	1
398	669	1
399	670	2
400	669	5424
401	669	5424
402	669	1
403	669	5424
404	669	1
405	669	1
406	669	1
407	669	1
408	669	1
409	669	1
410	669	5424
411	669	1
412	669	1
413	669	1
414	668	3
415	668	1
416	669	1
417	669	1
418	668	1
419	669	1
420	672	2
421	669	1
422	669	1
423	670	5424
424	669	5424
425	668	1
426	669	1
427	669	1
428	669	1
429	669	1
430	670	5424
431	669	5424
432	669	1
433	669	1
434	678	2
435	669	1
436	669	1
437	669	1
438	673	1
439	669	1
440	669	1
441	669	1
442	669	1
443	668	1
444	669	1
445	670	2
446	669	1
447	669	1
448	669	1
449	669	5424
450	668	4
451	670	2
452	669	5424
453	669	1
454	670	1
455	669	1
456	681	3
457	669	1
458	669	1
459	669	1
460	669	2
461	669	2
462	668	1
463	669	1
464	670	1
465	669	1
466	670	5424
467	669	1
468	669	1
469	669	1
470	669	1
471	668	1
472	669	1
473	669	5424
474	669	2
475	669	1
476	669	5424
477	669	1
478	668	4
479	669	5424
480	668	1
481	669	1
482	671	1
483	668	1
484	669	1
485	669	1
486	669	1
487	669	1
488	669	1
489	668	1
490	669	1
491	669	1
492	668	1
493	669	1
494	669	1
495	669	1
496	669	1
497	669	1
498	669	2
499	669	1
500	668	1
501	669	1
502	668	1
503	669	1
504	669	1
505	669	1
506	669	1
507	669	1
508	671	5424
509	668	1
510	668	1
511	669	1
512	669	1
513	668	1
514	669	1
515	670	2
516	669	1
517	670	2
518	669	1
519	668	1
520	669	1
521	670	2
522	669	1
523	668	1
524	668	2
525	669	1
526	669	1
527	670	2
528	669	1
529	668	1
530	669	1
531	670	2
532	669	1
533	669	1
534	669	5424
535	669	1
536	669	1
537	670	5424
538	669	1
539	669	1
540	669	1
541	669	1
542	669	1
543	669	1
544	674	2
545	669	1
546	669	1
547	668	1
548	672	1
549	669	1
550	669	1
551	670	2
552	669	1
553	669	1
554	669	1
555	668	3
556	669	1
557	669	1
558	669	1
559	669	2
560	669	1
561	668	1
562	669	1
563	669	1
564	669	1
565	669	2
566	669	1
567	670	2
568	668	1
569	669	1
570	669	5424
571	668	1
572	668	1
573	669	5424
574	669	2
575	669	1
576	670	5424
577	669	1
578	669	2
579	669	1
580	669	1
581	669	1
582	669	5424
583	669	1
584	669	1
585	668	3
586	669	1
587	669	1
588	669	1
589	671	3
590	669	1
591	668	3
592	669	1
593	670	5424
594	668	1
595	669	1
596	669	1
597	669	1
598	668	2
599	669	1
600	669	1
601	669	3
602	669	1
603	669	1
604	669	5424
605	669	1
606	670	1
607	670	4
608	669	1
609	668	2
610	669	1
611	669	1
612	669	1
613	669	1
614	669	1
615	669	5424
616	669	1
617	669	1
618	669	1
619	668	3
620	668	2
621	669	1
622	668	1
623	669	1
624	669	1
625	669	5424
626	669	1
627	669	5424
628	669	5424
629	669	1
630	669	1
631	669	1
632	670	1
633	668	1
634	669	1
635	669	1
636	670	2
637	668	1
638	669	1
639	669	5424
640	669	1
641	668	1
642	669	1
643	672	2
644	669	5424
645	669	1
646	669	1
647	669	1
648	669	1
649	668	1
650	669	1
651	668	1
652	669	1
653	671	1
654	669	1
655	669	1
656	669	1
657	668	1
658	669	1
659	669	1
660	670	5424
661	669	1
662	671	1
663	669	1
664	669	5424
665	668	1
666	669	1
667	669	1
668	669	1
669	669	1
670	670	1
671	669	1
672	668	1
673	669	1
674	669	1
675	669	1
676	669	2
677	670	1
678	668	1
679	670	1
680	668	1
681	668	1
682	669	1
683	668	2
684	669	1
685	669	5424
686	668	1
687	669	1
688	668	1
689	669	1
690	668	1
691	669	1
692	669	1
693	669	1
694	668	2
695	669	1
696	669	1
697	668	2
698	669	1
699	668	1
700	668	2
701	668	1
702	668	1
703	669	1
704	669	1
705	670	1
706	668	1
707	669	1
708	668	2
709	668	1
710	668	1
711	669	5424
712	669	1
713	669	5424
714	669	5424
715	668	1
716	669	2
717	670	5424
718	668	1
719	669	1
720	669	1
721	669	1
722	669	1
723	668	1
724	669	1
725	669	1
726	669	1
727	669	1
728	668	1
729	669	2
730	669	1
731	669	1
732	668	1
733	669	5424
734	670	1
735	669	1
736	669	1
737	668	1
738	669	1
739	669	1
740	668	4
741	668	1
742	669	5424
743	669	1
744	668	1
745	669	1
746	674	5424
747	669	1
748	668	1
749	669	1
750	669	1
751	669	1
752	670	2
753	669	5424
754	668	2
755	669	1
756	669	1
757	669	5424
758	670	5424
759	668	1
760	668	5
761	669	1
762	668	2
763	668	2
764	669	1
765	668	2
766	668	3
767	669	1
768	669	1
769	669	1
770	669	5424
771	670	2
772	670	2
773	669	1
774	669	1
775	669	1
776	679	2
777	669	1
778	668	2
779	669	1
780	668	1
781	668	1
782	669	1
783	669	1
784	669	1
785	669	1
786	669	5424
787	669	1
788	668	1
789	669	1
790	669	5424
791	668	1
792	669	1
793	669	1
794	669	1
795	668	1
796	669	1
797	669	1
798	669	1
799	668	1
800	670	2
801	669	2
802	672	5424
803	669	5424
804	669	1
805	669	5424
806	669	1
807	669	1
808	669	5424
809	670	5424
810	670	2
811	670	2
812	668	1
813	669	1
814	669	1
815	669	1
816	669	1
817	669	1
818	669	1
819	668	1
820	669	1
821	670	5424
822	670	1
823	669	1
824	668	2
825	669	1
826	669	1
827	669	5424
828	668	1
829	669	1
830	670	1
831	669	5424
832	669	1
833	669	1
834	669	1
835	668	1
836	670	5424
837	669	1
838	669	2
839	669	1
840	669	1
841	669	5424
842	670	5424
843	677	5424
844	668	1
845	668	1
846	668	1
847	669	5424
848	669	1
849	669	1
850	669	1
851	670	2
852	670	5424
853	670	5424
854	669	1
855	669	1
856	669	1
857	669	1
858	669	1
859	669	1
860	669	1
861	668	1
862	669	1
863	669	1
864	669	1
865	670	2
866	670	5424
867	668	1
868	669	1
869	669	1
870	669	1
871	669	1
872	669	5424
873	669	1
874	670	2
875	669	1
876	669	1
877	669	5424
878	669	1
879	669	1
880	669	1
881	669	2
882	669	1
883	669	1
884	668	1
885	669	1
886	669	1
887	669	5424
888	669	1
889	669	1
890	671	5424
891	668	1
892	669	1
893	668	1
894	669	1
895	669	1
896	669	1
897	668	1
898	669	1
899	670	5424
900	669	5424
901	668	2
902	669	5424
903	669	1
904	669	1
905	673	1
906	669	1
907	669	1
908	669	1
909	669	1
910	669	5424
911	668	5
912	669	1
913	669	1
914	669	1
915	669	1
916	670	2
917	669	1
918	668	1
919	669	1
920	668	1
921	669	5424
922	669	1
923	669	1
924	669	1
925	669	5424
926	669	1
927	669	1
928	669	1
929	668	2
930	669	5424
931	669	1
932	668	1
933	669	5424
934	670	2
935	669	1
936	669	1
937	669	1
938	670	2
939	668	1
940	668	1
941	670	5424
942	669	1
943	668	2
944	669	1
945	669	5424
946	669	1
947	668	1
948	669	1
949	669	1
950	669	5424
951	669	1
952	669	5424
953	670	1
954	669	1
955	668	2
956	680	1
957	668	3
958	668	1
959	669	1
960	668	1
961	669	1
962	669	1
963	669	2
964	669	1
965	669	1
966	669	5424
967	669	1
968	669	1
969	669	1
970	669	1
971	669	1
972	668	1
973	669	1
974	679	5424
975	668	3
976	669	1
977	669	2
978	669	1
979	669	1
980	670	6
981	668	1
982	668	1
983	669	1
984	668	1
985	669	1
986	669	1
987	669	1
988	669	5424
989	669	1
990	669	5424
991	669	1
992	669	2
993	668	2
994	669	5424
995	668	1
996	669	1
997	669	1
998	668	1
999	668	1
1000	669	1
1001	669	1
1002	670	5424
1003	669	1
1004	673	1
1005	669	1
1006	669	1
1007	669	1
1008	669	1
1009	668	1
1010	670	2
1011	668	1
1012	669	1
1013	669	2
1014	669	2
1015	669	1
1016	669	1
1017	669	1
1018	669	2
1019	669	5424
1020	669	1
1021	668	1
1022	669	1
1023	669	1
1024	669	1
1025	670	1
1026	669	2
1027	670	5424
1028	673	5424
1029	669	1
1030	668	2
1031	670	5424
1032	669	1
1033	669	1
1034	670	2
1035	669	1
1036	669	1
1037	669	1
1038	669	1
1039	669	1
1040	669	2
1041	670	1
1042	669	1
1043	670	2
1044	669	1
1045	668	1
1046	669	1
1047	669	5424
1048	669	1
1049	668	1
1050	669	1
1051	668	2
1052	669	1
1053	669	1
1054	669	1
1055	668	1
1056	669	5424
1057	669	1
1058	670	2
1059	669	1
1060	669	1
1061	670	5424
1062	669	5424
1063	669	1
1064	669	1
1065	668	1
1066	669	1
1067	668	1
1068	683	1
1069	668	1
1070	668	1
1071	669	1
1072	800	5424
1073	669	1
1074	671	3
1075	669	1
1076	668	1
1077	669	1
1078	670	1
1079	669	1
1080	669	1
1081	668	1
1082	669	2
1083	669	1
1084	669	1
1085	668	1
1086	669	2
1087	669	1
1088	669	5424
1089	670	1
1090	669	5424
1091	669	1
1092	668	1
1093	669	1
1094	669	1
1095	668	2
1096	669	1
1097	669	1
1098	669	1
1099	669	5424
1100	669	1
1101	669	1
1102	669	1
1103	669	1
1104	670	2
1105	668	2
1106	669	1
1107	670	2
1108	668	4
1109	669	1
1110	669	1
1111	669	1
1112	673	5
1113	669	1
1114	669	5424
1115	668	1
1116	669	5424
1117	668	2
1118	669	1
1119	669	2
1120	670	2
1121	673	8
1122	669	1
1123	669	1
1124	669	5424
1125	669	1
1126	668	2
1127	669	2
1128	669	1
1129	669	5424
1130	669	1
1131	669	1
1132	672	5424
1133	669	1
1134	668	1
1135	669	1
1136	668	1
1137	668	1
1138	669	5424
1139	669	1
1140	668	3
1141	672	3
1142	669	1
1143	669	1
1144	669	1
1145	669	1
1146	669	1
1147	669	1
1148	670	5424
1149	669	5424
1150	668	3
1151	669	1
1152	669	1
1153	669	1
1154	670	2
1155	669	1
1156	668	1
1157	669	1
1158	668	4
1159	669	1
1160	669	1
1161	669	1
1162	669	1
1163	669	1
1164	668	1
1165	670	2
1166	669	1
1167	669	1
1168	669	1
1169	669	1
1170	669	1
1171	668	1
1172	669	1
1173	669	1
1174	668	1
1175	668	2
1176	669	1
1177	670	5424
1178	669	1
1179	669	1
1180	669	1
1181	669	1
1182	669	1
1183	669	5424
1184	669	1
1185	669	1
1186	668	1
1187	669	1
1188	668	1
1189	669	5424
1190	669	5424
1191	669	1
1192	668	1
1193	669	1
1194	669	1
1195	669	1
1196	668	1
1197	669	1
1198	669	5424
1199	669	1
1200	669	2
1201	669	5424
1202	669	1
1203	669	5424
1204	669	1
1205	668	1
1206	669	1
1207	669	1
1208	668	1
1209	669	5424
1210	670	2
1211	669	1
1212	668	3
1213	668	1
1214	669	1
1215	669	1
1216	669	1
1217	669	1
1218	669	1
1219	669	1
1220	669	1
1221	669	1
1222	669	1
1223	669	1
1224	668	1
1225	669	2
1226	673	5424
1227	669	1
1228	668	1
1229	669	1
1230	670	2
1231	670	2
1232	669	1
1233	669	1
1234	669	5424
1235	669	1
1236	668	1
1237	668	1
1238	669	1
1239	668	1
1240	669	5424
1241	669	1
1242	669	1
1243	669	1
1244	669	1
1245	669	1
1246	669	1
1247	669	1
1248	668	3
1249	669	1
1250	669	1
1251	668	1
1252	668	1
1253	668	1
1254	670	5424
1255	669	2
1256	669	1
1257	669	1
1258	668	1
1259	683	6
1260	669	1
1261	672	5424
1262	670	5424
1263	669	2
1264	669	1
1265	669	1
1266	669	1
1267	669	1
1268	670	5424
1269	669	1
1270	669	1
1271	668	1
1272	668	1
1273	669	2
1274	669	1
1275	669	1
1276	669	1
1277	669	1
1278	669	1
1279	669	1
1280	669	1
1281	669	1
1282	669	1
1283	668	1
1284	669	1
1285	669	1
1286	669	5424
1287	669	1
1288	670	1
1289	669	1
1290	669	1
1291	669	5424
1292	668	1
1293	669	1
1294	668	1
1295	669	1
1296	669	1
1297	669	1
1298	668	1
1299	668	3
1300	670	1
1301	669	5424
1302	669	1
1303	669	1
1304	669	1
1305	669	1
1306	669	1
1307	669	3
1308	670	5424
1309	670	5424
1310	669	2
1311	670	1
1312	669	5424
1313	669	1
1314	668	1
1315	669	1
1316	669	1
1317	669	1
1318	668	1
1319	669	1
1320	669	1
1321	669	2
1322	669	1
1323	669	5424
1324	668	2
1325	669	5424
1326	679	5424
1327	669	1
1328	672	5
1329	669	1
1330	669	1
1331	669	1
1332	668	1
1333	669	1
1334	669	1
1335	668	2
1336	668	3
1337	670	1
1338	669	1
1339	669	1
1340	668	1
1341	669	3
1342	669	1
1343	669	1
1344	669	1
1345	668	1
1346	669	1
1347	668	1
1348	669	1
1349	668	1
1350	668	3
1351	669	5424
1352	669	1
1353	668	2
1354	669	1
1355	669	5424
1356	668	1
1357	669	1
1358	669	1
1359	668	2
1360	668	2
1361	669	1
1362	669	1
1363	670	2
1364	669	1
1365	669	5424
1366	669	5424
1367	670	5424
1368	669	5424
1369	674	1
1370	669	1
1371	668	3
1372	671	3
1373	669	1
1374	669	1
1375	670	5424
1376	669	1
1377	670	1
1378	670	1
1379	668	2
1380	670	1
1381	668	1
1382	669	2
1383	669	5424
1384	669	1
1385	669	1
1386	669	2
1387	668	1
1388	669	1
1389	668	4
1390	669	1
1391	669	1
1392	669	1
1393	670	5424
1394	683	5424
1395	669	1
1396	669	1
1397	669	1
1398	669	1
1399	668	1
1400	668	1
1401	668	1
1402	669	1
1403	668	1
1404	668	1
1405	669	1
1406	669	1
1407	669	1
1408	669	1
1409	668	2
1410	669	1
1411	668	2
1412	669	1
1413	669	1
1414	668	1
1415	669	1
1416	669	1
1417	668	2
1418	669	1
1419	669	1
1420	668	1
1421	669	1
1422	669	1
1423	669	1
1424	669	1
1425	669	1
1426	669	1
1427	668	1
1428	669	1
1429	669	1
1430	670	2
1431	669	5424
1432	669	5424
1433	669	1
1434	669	1
1435	669	1
1436	669	1
1437	669	1
1438	668	1
1439	669	1
1440	669	1
1441	669	5424
1442	669	1
1443	669	1
1444	669	1
1445	669	5424
1446	669	1
1447	669	5424
1448	669	1
1449	668	1
1450	669	1
1451	669	1
1452	671	2
1453	668	1
1454	668	1
1455	669	1
1456	669	1
1457	669	1
1458	669	1
1459	669	1
1460	670	2
1461	669	2
1462	668	1
1463	669	1
1464	669	1
1465	668	2
1466	669	1
1467	669	1
1468	669	1
1469	669	1
1470	669	5424
1471	669	1
1472	669	1
1473	668	2
1474	668	3
1475	669	1
1476	668	1
1477	669	1
1478	669	2
1479	669	1
1480	669	1
1481	670	2
1482	672	5424
1483	668	1
1484	669	1
1485	685	1
1486	753	5424
1487	668	3
1488	669	5424
1489	669	2
1490	669	1
1491	669	1
1492	670	5424
1493	668	1
1494	669	5424
1495	668	6
1496	669	5424
1497	668	1
1498	668	2
1499	669	1
1500	669	1
1501	669	1
1502	668	1
1503	668	1
1504	669	1
1505	669	1
1506	668	1
1507	669	1
1508	669	5424
1509	669	1
1510	668	1
1511	670	1
1512	668	2
1513	669	1
1514	668	3
1515	668	1
1516	669	1
1517	670	5424
1518	673	5
1519	669	1
1520	669	1
1521	669	2
1522	669	1
1523	668	1
1524	669	1
1525	669	1
1526	669	1
1527	669	5424
1528	668	1
1529	669	1
1530	669	1
1531	668	2
1532	669	1
1533	669	1
1534	669	1
1535	669	1
1536	669	1
1537	669	1
1538	669	1
1539	669	2
1540	670	5424
1541	669	1
1542	669	1
1543	669	1
1544	668	1
1545	669	1
1546	669	5424
1547	669	1
1548	669	1
1549	671	5424
1550	669	1
1551	671	5424
1552	669	1
1553	669	1
1554	668	2
1555	669	2
1556	668	1
1557	670	5424
1558	668	1
1559	670	1
1560	669	1
1561	668	1
1562	669	1
1563	670	2
1564	669	1
1565	670	2
1566	669	1
1567	669	1
1568	669	1
1569	669	1
1570	668	1
1571	669	1
1572	669	1
1573	669	1
1574	669	1
1575	668	1
1576	670	1
1577	669	1
1578	668	1
1579	669	1
1580	671	3
1581	669	1
1582	670	5424
1583	671	2
1584	701	5424
1585	669	1
1586	669	1
1587	670	1
1588	669	1
1589	669	1
1590	669	1
1591	670	2
1592	669	1
1593	671	5424
1594	671	5424
1595	669	1
1596	669	5424
1597	668	2
1598	668	1
1599	668	1
1600	668	1
1601	669	1
1602	668	2
1603	668	1
1604	669	5424
1605	670	2
1606	669	1
1607	669	1
1608	669	1
1609	669	1
1610	669	1
1611	669	1
1612	669	1
1613	669	1
1614	669	1
1615	669	1
1616	668	1
1617	669	1
1618	669	1
1619	669	5424
1620	669	1
1621	669	1
1622	669	2
1623	668	1
1624	669	2
1625	669	1
1626	669	1
1627	669	1
1628	668	1
1629	669	1
1630	669	2
1631	669	1
1632	669	1
1633	669	1
1634	669	1
1635	669	1
1636	669	1
1637	669	1
1638	668	1
1639	669	1
1640	669	1
1641	668	1
1642	670	1
1643	669	1
1644	668	1
1645	681	2
1646	668	1
1647	669	1
1648	670	2
1649	669	1
1650	668	1
1651	668	1
1652	669	5424
1653	669	5424
1654	670	2
1655	669	2
1656	668	1
1657	671	5424
1658	668	1
1659	668	4
1660	669	1
1661	669	1
1662	668	1
1663	669	1
1664	669	1
1665	670	5424
1666	669	1
1667	669	1
1668	670	5424
1669	669	1
1670	670	2
1671	669	1
1672	670	5424
1673	668	2
1674	669	1
1675	669	5424
1676	669	1
1677	669	1
1678	669	1
1679	669	5424
1680	669	1
1681	669	1
1682	668	1
1683	668	1
1684	669	1
1685	669	1
1686	670	1
1687	669	1
1688	669	1
1689	669	1
1690	676	1
1691	668	1
1692	669	1
1693	669	1
1694	669	1
1695	669	1
1696	669	1
1697	669	2
1698	669	1
1699	669	5424
1700	669	1
1701	669	1
1702	668	1
1703	669	1
1704	670	1
1705	669	5424
1706	669	1
1707	670	5424
1708	669	1
1709	668	1
1710	669	1
1711	669	1
1712	669	1
1713	672	5424
1714	669	1
1715	669	1
1716	668	1
1717	668	1
1718	668	1
1719	669	1
1720	669	1
1721	669	1
1722	669	1
1723	668	1
1724	669	1
1725	669	1
1726	669	1
1727	669	1
1728	669	1
1729	669	1
1730	669	1
1731	668	1
1732	671	1
1733	669	1
1734	668	3
1735	669	1
1736	670	2
1737	668	1
1738	669	1
1739	668	1
1740	669	1
1741	669	1
1742	669	5424
1743	669	1
1744	669	5424
1745	668	2
1746	668	3
1747	669	1
1748	669	1
1749	668	1
1750	669	1
1751	669	1
1752	669	2
1753	669	1
1754	669	1
1755	669	1
1756	669	1
1757	669	2
1758	669	1
1759	669	1
1760	668	1
1761	669	1
1762	669	1
1763	669	1
1764	670	2
1765	670	5424
1766	668	1
1767	669	1
1768	669	1
1769	669	1
1770	668	1
1771	669	1
1772	668	1
1773	669	5424
1774	670	2
1775	669	5424
1776	669	5424
1777	670	1
1778	668	1
1779	670	2
1780	671	5424
1781	669	1
1782	668	1
1783	669	1
1784	669	1
1785	669	5424
1786	669	5424
1787	669	1
1788	669	1
1789	668	5
1790	669	2
1791	668	1
1792	669	1
1793	669	1
1794	668	1
1795	669	1
1796	669	1
1797	669	1
1798	669	5424
1799	668	3
1800	669	1
1801	668	2
1802	669	3
1803	669	1
1804	668	1
1805	670	2
1806	669	1
1807	670	1
1808	669	5424
1809	669	1
1810	669	1
1811	669	1
1812	668	1
1813	669	5424
1814	669	1
1815	669	5424
1816	669	1
1817	669	1
1818	668	1
1819	669	1
1820	669	1
1821	669	1
1822	669	1
1823	669	1
1824	669	1
1825	669	1
1826	669	1
1827	669	1
1828	668	1
1829	668	1
1830	672	3
1831	668	1
1832	670	2
1833	668	2
1834	669	1
1835	669	1
1836	668	1
1837	669	1
1838	669	1
1839	668	1
1840	669	5424
1841	669	1
1842	669	1
1843	669	1
1844	669	1
1845	669	1
1846	669	5424
1847	669	1
1848	668	1
1849	669	1
1850	668	1
1851	669	1
1852	669	1
1853	670	1
1854	669	1
1855	669	1
1856	668	1
1857	669	1
1858	669	1
1859	669	1
1860	668	1
1861	669	1
1862	669	1
1863	668	1
1864	668	1
1865	669	1
1866	669	1
1867	668	1
1868	669	1
1869	668	1
1870	668	1
1871	671	1
1872	668	1
1873	669	1
1874	668	1
1875	669	1
1876	669	1
1877	669	2
1878	668	2
1879	669	1
1880	669	1
1881	669	1
1882	669	1
1883	669	1
1884	669	5424
1885	669	2
1886	668	1
1887	668	1
1888	668	2
1889	669	1
1890	669	5424
1891	668	1
1892	673	8
1893	669	1
1894	669	6
1895	669	1
1896	668	2
1897	668	1
1898	668	1
1899	669	5424
1900	669	1
1901	669	1
1902	668	1
1903	669	1
1904	669	5424
1905	670	1
1906	669	5424
1907	669	1
1908	669	1
1909	669	1
1910	668	1
1911	685	5424
1912	669	1
1913	668	2
1914	669	1
1915	669	1
1916	669	1
1917	669	5424
1918	669	1
1919	669	1
1920	669	5424
1921	669	1
1922	669	1
1923	670	4
1924	668	1
1925	669	1
1926	669	1
1927	668	4
1928	668	1
1929	669	1
1930	669	1
1931	669	1
1932	669	1
1933	669	1
1934	669	1
1935	669	1
1936	669	5424
1937	668	2
1938	669	1
1939	669	1
1940	669	2
1941	669	1
1942	668	1
1943	669	5424
1944	669	1
1945	669	5424
1946	669	5424
1947	669	1
1948	669	1
1949	669	1
1950	669	5424
1951	669	1
1952	669	1
1953	670	1
1954	669	5424
1955	669	1
1956	669	1
1957	669	1
1958	669	1
1959	669	1
1960	669	2
1961	668	1
1962	669	1
1963	668	1
1964	670	2
1965	669	1
1966	669	1
1967	669	1
1968	671	5424
1969	669	1
1970	669	1
1971	669	2
1972	669	1
1973	669	1
1974	669	1
1975	669	1
1976	669	1
1977	669	1
1978	669	1
1979	669	1
1980	669	1
1981	669	1
1982	669	1
1983	669	1
1984	669	1
1985	668	1
1986	669	1
1987	669	2
1988	669	5424
1989	669	5424
1990	669	1
1991	668	3
1992	669	1
1993	669	1
1994	669	1
1995	668	1
1996	669	1
1997	669	5424
1998	669	5424
1999	668	2
2000	669	1
2001	669	2
2002	670	1
2003	669	1
2004	668	1
2005	669	1
2006	670	2
2007	669	1
2008	669	1
2009	668	2
2010	669	1
2011	669	5424
2012	669	1
2013	668	2
2014	670	2
2015	670	2
2016	669	1
2017	669	2
2018	669	5424
2019	669	2
2020	669	1
2021	669	1
2022	669	1
2023	669	1
2024	670	2
2025	669	1
2026	669	1
2027	671	3
2028	669	1
2029	670	1
2030	670	2
2031	670	2
2032	670	1
2033	669	1
2034	670	2
2035	668	2
2036	668	1
2037	669	1
2038	670	2
2039	670	2
2040	670	2
2041	669	1
2042	670	2
2043	669	1
2044	668	1
2045	669	5424
2046	668	1
2047	669	2
2048	669	5424
2049	669	1
2050	670	1
2051	670	1
2052	669	1
2053	671	1
2054	669	1
2055	669	1
2056	670	2
2057	668	1
2058	670	2
2059	668	2
2060	669	2
2061	669	1
2062	669	1
2063	668	1
2064	671	5424
2065	669	1
2066	669	1
2067	670	2
2068	669	1
2069	670	2
2070	670	2
2071	670	2
2072	668	1
2073	669	1
2074	669	5424
2075	669	5424
2076	669	1
2077	669	1
2078	669	5424
2079	668	1
2080	669	1
2081	670	5424
2082	668	1
2083	669	1
2084	669	1
2085	670	2
2086	669	5424
2087	672	5424
2088	669	1
2089	669	1
2090	669	1
2091	668	3
2092	669	1
2093	668	1
2094	669	1
2095	668	6
2096	669	1
2097	669	1
2098	669	1
2099	668	2
2100	670	5424
2101	670	2
2102	668	1
2103	668	2
2104	668	1
2105	670	2
2106	669	5424
2107	669	1
2108	669	1
2109	669	2
2110	670	2
2111	669	1
2112	669	1
2113	668	1
2114	669	1
2115	668	1
2116	669	1
2117	668	1
2118	670	2
2119	668	1
2120	669	1
2121	670	2
2122	669	1
2123	668	3
2124	669	3
2125	668	2
2126	669	1
2127	669	1
2128	670	2
2129	669	1
2130	668	2
2131	670	2
2132	669	5424
2133	670	2
2134	670	2
2135	670	1
2136	669	1
2137	668	2
2138	669	1
2139	668	1
2140	668	4
2141	670	2
2142	669	1
2143	668	2
2144	670	2
2145	669	2
2146	668	1
2147	670	2
2148	668	4
2149	670	2
2150	670	2
2151	669	5424
2152	669	1
2153	669	1
2154	670	2
2155	669	1
2156	670	2
2157	670	2
2158	670	2
2159	669	1
2160	669	1
2161	669	1
2162	669	1
2163	668	1
2164	669	1
2165	670	2
2166	669	2
2167	670	2
2168	670	1
2169	669	1
2170	669	1
2171	670	2
2172	669	1
2173	669	1
2174	669	5424
2175	670	2
2176	668	2
2177	670	2
2178	668	2
2179	669	1
2180	669	1
2181	669	1
2182	668	2
2183	670	2
2184	668	1
2185	671	5
2186	670	2
2187	670	2
2188	669	1
2189	668	1
2190	670	2
2191	668	1
2192	669	1
2193	670	2
2194	669	1
2195	669	2
2196	668	1
2197	668	1
2198	669	1
2199	670	2
2200	669	1
2201	671	2
2202	669	1
2203	668	2
2204	668	1
2205	670	2
2206	673	5424
2207	668	2
2208	669	2
2209	669	1
2210	670	2
2211	668	1
2212	669	5424
2213	669	1
2214	669	1
2215	669	1
2216	670	2
2217	670	2
2218	669	1
2219	669	1
2220	668	2
2221	669	1
2222	670	2
2223	669	1
2224	668	1
2225	669	1
2226	669	5424
2227	673	5424
2228	668	1
2229	670	5424
2230	669	1
2231	668	2
2232	670	2
2233	670	2
2234	670	2
2235	669	1
2236	669	5424
2237	669	1
2238	669	1
2239	670	2
2240	668	1
2241	669	1
2242	668	1
2243	669	1
2244	670	2
2245	669	1
2246	669	5424
2247	670	1
2248	670	2
2249	669	2
2250	669	1
2251	669	1
2252	669	1
2253	669	1
2254	669	1
2255	669	5424
2256	669	1
2257	668	1
2258	669	1
2259	669	5424
2260	669	1
2261	668	3
2262	669	5424
2263	669	1
2264	670	2
2265	670	2
2266	669	1
2267	668	1
2268	669	5424
2269	669	1
2270	669	2
2271	670	2
2272	670	2
2273	669	1
2274	669	1
2275	669	1
2276	670	5424
2277	670	2
2278	670	2
2279	669	1
2280	669	1
2281	669	2
2282	669	1
2283	668	1
2284	669	5424
2285	668	1
2286	670	2
2287	669	5424
2288	669	5424
2289	669	1
2290	669	1
2291	669	1
2292	669	5424
2293	669	5424
2294	670	2
2295	674	4
2296	669	1
2297	670	2
2298	669	1
2299	669	1
2300	668	1
2301	670	2
2302	670	2
2303	670	2
2304	670	2
2305	669	1
2306	670	2
2307	669	1
2308	669	1
2309	669	5424
2310	670	2
2311	670	2
2312	668	1
2313	668	1
2314	669	1
2315	669	5424
2316	669	1
2317	669	5424
2318	668	1
2319	670	2
2320	668	1
2321	668	1
2322	670	2
2323	669	1
2324	669	1
2325	668	2
2326	668	1
2327	668	1
2328	669	5424
2329	669	1
2330	669	5424
2331	668	1
2332	669	1
2333	668	3
2334	669	1
2335	669	1
2336	670	2
2337	669	2
2338	670	1
2339	670	2
2340	689	5424
2341	669	1
2342	671	5424
2343	669	1
2344	669	5424
2345	669	1
2346	669	1
2347	669	1
2348	670	2
2349	669	5424
2350	669	1
2351	669	5424
2352	670	2
2353	669	1
2354	669	1
2355	670	1
2356	668	1
2357	668	1
2358	670	2
2359	668	1
2360	668	1
2361	681	2
2362	669	1
2363	669	1
2364	669	1
2365	669	1
2366	669	1
2367	670	3
2368	670	2
2369	670	2
2370	671	3
2371	668	1
2372	669	1
2373	668	1
2374	669	1
2375	668	2
2376	669	1
2377	669	1
2378	669	5424
2379	669	1
2380	668	1
2381	670	2
2382	669	1
2383	669	1
2384	669	1
2385	669	5424
2386	669	2
2387	669	1
2388	669	1
2389	668	1
2390	669	1
2391	669	1
2392	668	1
2393	669	5424
2394	670	2
2395	669	1
2396	669	1
2397	668	1
2398	668	1
2399	670	2
2400	668	1
2401	669	1
2402	670	2
2403	669	5424
2404	669	5424
2405	669	1
2406	670	2
2407	669	1
2408	670	5424
2409	668	1
2410	669	1
2411	669	1
2412	670	2
2413	669	1
2414	668	2
2415	669	1
2416	669	2
2417	668	2
2418	669	1
2419	669	1
2420	669	1
2421	669	5424
2422	669	1
2423	669	1
2424	670	2
2425	669	1
2426	671	1
2427	668	3
2428	669	1
2429	669	5424
2430	669	5424
2431	669	1
2432	668	2
2433	669	1
2434	669	1
2435	669	1
2436	670	2
2437	669	1
2438	669	2
2439	669	1
2440	671	2
2441	668	3
2442	670	2
2443	670	2
2444	669	1
2445	669	1
2446	669	1
2447	671	5424
2448	670	1
2449	669	1
2450	668	1
2451	670	2
2452	669	1
2453	668	1
2454	669	1
2455	670	2
2456	669	1
2457	668	2
2458	670	2
2459	669	1
2460	669	5424
2461	670	2
2462	670	2
2463	669	1
2464	668	1
2465	669	1
2466	670	2
2467	669	1
2468	669	1
2469	668	1
2470	669	1
2471	668	1
2472	670	2
2473	668	1
2474	671	5424
2475	669	1
2476	669	1
2477	669	5424
2478	668	1
2479	669	1
2480	669	5424
2481	670	2
2482	669	1
2483	669	5424
2484	668	1
2485	669	1
2486	669	1
2487	670	2
2488	668	2
2489	668	2
2490	670	2
2491	669	1
2492	668	1
2493	669	5424
2494	670	2
2495	670	1
2496	668	1
2497	670	2
2498	670	2
2499	669	2
2500	669	5424
2501	670	2
2502	670	2
2503	668	1
2504	669	1
2505	669	1
2506	669	1
2507	669	1
2508	669	2
2509	669	1
2510	669	1
2511	670	2
2512	669	5424
2513	669	1
2514	669	1
2515	670	2
2516	670	5424
2517	669	1
2518	669	1
2519	669	1
2520	669	1
2521	669	5424
2522	670	2
2523	669	1
2524	668	3
2525	669	1
2526	668	1
2527	668	9
2528	668	1
2529	669	1
2530	669	1
2531	669	1
2532	669	5424
2533	668	1
2534	668	3
2535	669	2
2536	669	1
2537	670	2
2538	670	2
2539	669	1
2540	670	2
2541	668	1
2542	669	1
2543	669	1
2544	669	1
2545	669	1
2546	670	2
2547	669	5424
2548	668	2
2549	668	1
2550	670	2
2551	669	1
2552	670	2
2553	670	2
2554	669	1
2555	669	1
2556	671	3
2557	669	1
2558	671	1
2559	668	1
2560	668	1
2561	669	1
2562	669	1
2563	668	2
2564	668	1
2565	669	5424
2566	669	1
2567	669	1
2568	669	1
2569	725	5424
2570	668	1
2571	670	2
2572	669	5424
2573	668	1
2574	669	1
2575	669	1
2576	670	2
2577	669	5424
2578	669	1
2579	670	2
2580	669	1
2581	669	1
2582	669	1
2583	669	1
2584	668	2
2585	668	1
2586	669	1
2587	669	1
2588	669	1
2589	670	2
2590	669	5424
2591	669	1
2592	669	1
2593	669	1
2594	668	1
2595	669	1
2596	669	5424
2597	669	1
2598	670	1
2599	668	3
2600	669	5424
2601	670	2
2602	669	1
2603	669	1
2604	668	1
2605	680	1
2606	669	1
2607	669	1
2608	670	2
2609	668	2
2610	669	1
2611	669	1
2612	669	1
2613	669	1
2614	668	2
2615	669	1
2616	669	1
2617	669	1
2618	670	2
2619	669	1
2620	668	1
2621	670	1
2622	670	2
2623	669	1
2624	669	5424
2625	668	1
2626	669	1
2627	670	2
2628	669	1
2629	670	2
2630	668	1
2631	670	2
2632	669	5424
2633	668	1
2634	669	1
2635	669	2
2636	669	5424
2637	669	1
2638	669	1
2639	669	1
2640	670	2
2641	668	1
2642	669	1
2643	669	2
2644	670	3
2645	670	2
2646	669	1
2647	669	5424
2648	669	5424
2649	668	3
2650	669	1
2651	670	2
2652	669	5424
2653	669	1
2654	669	1
2655	669	5424
2656	670	2
2657	670	2
2658	670	2
2659	669	1
2660	670	2
2661	669	1
2662	669	1
2663	669	2
2664	669	1
2665	669	1
2666	669	1
2667	669	1
2668	669	1
2669	670	2
2670	669	1
2671	669	1
2672	669	1
2673	669	5424
2674	669	1
2675	668	4
2676	669	1
2677	669	1
2678	669	2
2679	670	2
2680	669	1
2681	669	1
2682	670	2
2683	669	1
2684	669	1
2685	668	1
2686	670	2
2687	668	1
2688	669	1
2689	670	2
2690	669	1
2691	670	2
2692	668	5
2693	670	2
2694	669	1
2695	669	1
2696	669	1
2697	670	2
2698	669	1
2699	669	5424
2700	669	1
2701	669	1
2702	669	1
2703	669	1
2704	670	2
2705	669	1
2706	668	1
2707	669	1
2708	670	2
2709	668	1
2710	669	1
2711	668	2
2712	670	2
2713	669	1
2714	669	5424
2715	669	1
2716	670	2
2717	669	1
2718	668	2
2719	670	2
2720	670	2
2721	669	1
2722	670	2
2723	668	2
2724	669	1
2725	669	1
2726	669	1
2727	670	2
2728	668	2
2729	669	5424
2730	670	2
2731	668	1
2732	669	2
2733	669	2
2734	670	2
2735	668	2
2736	670	1
2737	669	1
2738	669	1
2739	668	2
2740	668	1
2741	670	2
2742	670	2
2743	670	3
2744	669	2
2745	670	2
2746	669	1
2747	669	1
2748	669	1
2749	669	5424
2750	670	2
2751	669	5424
2752	670	2
2753	668	1
2754	668	1
2755	669	1
2756	669	5424
2757	669	1
2758	669	1
2759	669	1
2760	669	1
2761	669	1
2762	668	2
2763	668	1
2764	669	1
2765	670	2
2766	670	2
2767	668	2
2768	669	1
2769	669	1
2770	668	1
2771	669	1
2772	668	2
2773	670	2
2774	668	4
2775	669	2
2776	669	1
2777	669	5424
2778	669	1
2779	669	1
2780	670	2
2781	670	4
2782	669	5424
2783	668	1
2784	670	2
2785	670	2
2786	669	1
2787	669	1
2788	669	1
2789	670	2
2790	669	5424
2791	670	2
2792	669	1
2793	669	1
2794	668	1
2795	670	1
2796	669	1
2797	670	2
2798	669	1
2799	668	1
2800	669	1
2801	670	2
2802	668	3
2803	669	1
2804	668	1
2805	669	1
2806	669	5424
2807	669	1
2808	668	1
2809	670	2
2810	668	1
2811	668	2
2812	670	2
2813	670	2
2814	670	2
2815	669	5424
2816	670	2
2817	669	1
2818	668	1
2819	669	1
2820	668	1
2821	668	1
2822	669	1
2823	668	1
2824	669	1
2825	671	5424
2826	671	5424
2827	669	2
2828	669	1
2829	670	2
2830	668	1
2831	669	1
2832	671	2
2833	670	2
2834	669	1
2835	669	1
2836	670	2
2837	670	2
2838	669	1
2839	670	2
2840	669	1
2841	669	1
2842	668	2
2843	669	1
2844	669	1
2845	668	1
2846	669	2
2847	669	1
2848	672	5424
2849	670	2
2850	669	5424
2851	670	2
2852	670	2
2853	671	2
2854	670	2
2855	668	1
2856	670	2
2857	669	5424
2858	669	1
2859	669	1
2860	669	1
2861	668	2
2862	669	1
2863	668	1
2864	669	1
2865	668	1
2866	669	1
2867	670	5424
2868	669	1
2869	670	2
2870	669	1
2871	668	1
2872	669	5424
2873	669	1
2874	669	5424
2875	670	2
2876	668	1
2877	669	2
2878	670	2
2879	668	1
2880	669	1
2881	669	1
2882	670	2
2883	669	1
2884	669	1
2885	669	5424
2886	674	5424
2887	670	2
2888	668	1
2889	669	5424
2890	670	2
2891	668	1
2892	669	1
2893	669	1
2894	671	2
2895	670	2
2896	669	1
2897	668	1
2898	669	1
2899	671	2
2900	669	1
2901	670	2
2902	668	1
2903	668	1
2904	669	5424
2905	669	1
2906	670	1
2907	669	1
2908	668	1
2909	668	1
2910	668	1
2911	668	2
2912	669	1
2913	670	2
2914	669	1
2915	668	1
2916	668	1
2917	668	2
2918	669	1
2919	668	1
2920	670	3
2921	668	1
2922	669	1
2923	669	1
2924	668	2
2925	670	3
2926	669	1
2927	668	1
2928	669	5424
2929	668	3
2930	669	1
2931	669	1
2932	669	1
2933	669	1
2934	669	1
2935	671	5424
2936	670	2
2937	669	1
2938	668	1
2939	669	1
2940	669	1
2941	668	1
2942	669	1
2943	670	2
2944	668	3
2945	668	1
2946	670	5424
2947	670	2
2948	669	1
2949	670	2
2950	669	1
2951	672	3
2952	670	5424
2953	669	1
2954	671	3
2955	668	1
2956	670	2
2957	670	1
2958	669	1
2959	670	2
2960	669	1
2961	669	1
2962	670	2
2963	670	2
2964	668	1
2965	668	2
2966	669	1
2967	670	2
2968	669	1
2969	668	1
2970	669	5424
2971	669	1
2972	668	1
2973	670	5424
2974	669	1
2975	668	1
2976	669	1
2977	669	1
2978	669	1
2979	669	1
2980	670	5424
2981	669	1
2982	668	2
2983	669	1
2984	670	1
2985	669	1
2986	669	1
2987	669	1
2988	668	2
2989	669	1
2990	668	1
2991	668	2
2992	669	1
2993	668	1
2994	669	1
2995	669	1
2996	669	1
2997	668	2
2998	669	5424
2999	669	1
3000	668	2
3001	669	1
3002	669	1
3003	669	1
3004	669	1
3005	669	1
3006	669	1
3007	668	1
3008	668	1
3009	669	1
3010	672	1
3011	669	1
3012	669	1
3013	669	1
3014	669	1
3015	669	1
3016	669	1
3017	669	1
3018	669	1
3019	669	1
3020	669	1
3021	669	1
3022	669	1
3023	668	1
3024	669	1
3025	669	1
3026	668	2
3027	669	1
3028	669	2
3029	669	1
3030	669	1
3031	670	2
3032	669	5424
3033	669	1
3034	669	1
3035	668	1
3036	669	1
3037	668	1
3038	669	1
3039	669	3
3040	668	3
3041	669	5424
3042	668	1
3043	669	1
3044	668	1
3045	668	3
3046	670	2
3047	669	1
3048	668	1
3049	670	2
3050	669	1
3051	669	1
3052	670	2
3053	670	2
3054	670	2
3055	669	1
3056	668	1
3057	669	1
3058	669	5424
3059	669	5424
3060	669	1
3061	669	1
3062	669	1
3063	669	1
3064	669	2
3065	670	2
3066	669	5424
3067	670	2
3068	668	1
3069	670	2
3070	669	1
3071	670	2
3072	669	5424
3073	669	1
3074	669	2
3075	670	2
3076	669	1
3077	668	1
3078	670	2
3079	668	2
3080	669	1
3081	670	1
3082	670	2
3083	669	1
3084	668	1
3085	670	2
3086	668	1
3087	670	2
3088	669	1
3089	669	1
3090	669	1
3091	669	1
3092	669	1
3093	670	2
3094	669	2
3095	669	1
3096	670	2
3097	669	1
3098	669	1
3099	668	3
3100	669	1
3101	669	1
3102	669	5424
3103	670	2
3104	669	1
3105	670	5424
3106	668	2
3107	670	2
3108	669	5424
3109	669	1
3110	670	2
3111	670	2
3112	670	1
3113	669	1
3114	668	1
3115	669	1
3116	669	5424
3117	669	1
3118	669	1
3119	670	2
3120	669	1
3121	670	2
3122	669	2
3123	669	1
3124	669	1
3125	668	1
3126	670	2
3127	669	1
3128	670	2
3129	669	1
3130	668	2
3131	668	2
3132	669	1
3133	669	1
3134	668	2
3135	670	2
3136	670	2
3137	669	1
3138	669	1
3139	670	2
3140	670	4
3141	669	1
3142	670	2
3143	670	2
3144	668	1
3145	669	1
3146	668	1
3147	669	1
3148	670	2
3149	670	2
3150	668	3
3151	669	1
3152	668	3
3153	669	1
3154	669	1
3155	669	5424
3156	668	2
3157	669	1
3158	669	1
3159	669	1
3160	668	2
3161	668	1
3162	669	5424
3163	669	1
3164	668	1
3165	669	1
3166	669	1
3167	669	1
3168	669	5424
3169	668	1
3170	673	8
3171	668	1
3172	668	1
3173	668	1
3174	669	1
3175	672	3
3176	669	1
3177	669	1
3178	668	1
3179	668	1
3180	668	2
3181	669	1
3182	669	1
3183	669	1
3184	669	1
3185	669	1
3186	672	2
3187	669	1
3188	669	1
3189	669	1
3190	669	1
3191	669	1
3192	668	3
3193	669	5424
3194	670	5424
3195	668	1
3196	670	2
3197	669	1
3198	670	2
3199	670	1
3200	669	1
3201	670	2
3202	670	2
3203	669	1
3204	669	1
3205	670	2
3206	670	1
3207	668	1
3208	669	1
3209	670	2
3210	670	2
3211	669	1
3212	669	5424
3213	669	1
3214	668	2
3215	668	1
3216	669	1
3217	669	1
3218	669	1
3219	668	1
3220	669	1
3221	668	1
3222	668	2
3223	669	1
3224	670	2
3225	668	6
3226	670	2
3227	669	2
3228	669	1
3229	670	2
3230	669	1
3231	670	2
3232	669	1
3233	668	1
3234	669	1
3235	669	1
3236	670	2
3237	668	1
3238	670	2
3239	670	2
3240	669	1
3241	674	1
3242	668	1
3243	669	1
3244	668	2
3245	668	2
3246	670	2
3247	669	5424
3248	670	2
3249	671	3
3250	670	2
3251	669	1
3252	669	5424
3253	669	1
3254	668	1
3255	685	5424
3256	668	2
3257	670	2
3258	671	5424
3259	668	1
3260	669	2
3261	669	2
3262	669	1
3263	669	1
3264	669	1
3265	669	5424
3266	670	2
3267	670	2
3268	669	1
3269	669	1
3270	670	2
3271	670	2
3272	669	1
3273	669	5424
3274	671	2
3275	670	1
3276	669	1
3277	670	2
3278	668	1
3279	669	1
3280	669	1
3281	670	2
3282	668	2
3283	668	1
3284	670	2
3285	672	5424
3286	670	2
3287	670	2
3288	669	1
3289	668	1
3290	668	1
3291	669	1
3292	668	1
3293	669	5424
3294	668	1
3295	671	3
3296	670	2
3297	669	1
3298	669	5424
3299	668	1
3300	669	1
3301	669	1
3302	670	2
3303	669	1
3304	669	1
3305	668	1
3306	670	2
3307	670	2
3308	670	2
3309	669	2
3310	669	1
3311	670	3
3312	669	5424
3313	669	1
3314	668	2
3315	670	2
3316	669	1
3317	669	5424
3318	670	3
3319	668	1
3320	669	1
3321	670	2
3322	670	3
3323	669	1
3324	670	2
3325	668	1
3326	670	3
3327	669	1
3328	669	1
3329	670	2
3330	670	2
3331	669	5424
3332	669	1
3333	720	2
3334	670	2
3335	668	1
3336	669	1
3337	669	1
3338	669	1
3339	669	5424
3340	669	1
3341	669	5424
3342	670	2
3343	668	1
3344	669	1
3345	669	1
3346	669	2
3347	668	1
3348	669	1
3349	669	1
3350	669	1
3351	669	1
3352	670	1
3353	670	2
3354	669	1
3355	670	1
3356	670	2
3357	669	1
3358	669	5424
3359	669	5424
3360	669	1
3361	668	1
3362	670	5424
3363	670	2
3364	668	1
3365	669	1
3366	668	1
3367	668	1
3368	670	2
3369	669	1
3370	669	1
3371	669	1
3372	669	1
3373	670	2
3374	670	2
3375	669	1
3376	669	1
3377	669	1
3378	670	2
3379	671	2
3380	668	1
3381	669	1
3382	669	1
3383	668	1
3384	670	3
3385	669	1
3386	669	5424
3387	670	2
3388	668	2
3389	668	1
3390	669	1
3391	669	1
3392	668	1
3393	669	1
3394	669	1
3395	670	5424
3396	668	4
3397	670	2
3398	669	1
3399	668	1
3400	668	1
3401	670	3
3402	669	1
3403	670	2
3404	669	1
3405	669	1
3406	668	1
3407	668	2
3408	668	1
3409	669	5424
3410	669	1
3411	669	1
3412	668	3
3413	670	2
3414	668	2
3415	670	2
3416	669	1
3417	668	1
3418	669	1
3419	669	1
3420	668	3
3421	670	1
3422	669	1
3423	669	1
3424	669	1
3425	668	1
3426	668	4
3427	668	5
3428	669	1
3429	670	2
3430	670	2
3431	679	2
3432	669	1
3433	669	2
3434	668	1
3435	669	1
3436	669	1
3437	670	2
3438	668	3
3439	670	2
3440	684	1
3441	669	1
3442	669	1
3443	669	1
3444	669	1
3445	668	2
3446	670	3
3447	669	1
3448	668	2
3449	669	1
3450	669	1
3451	669	1
3452	669	1
3453	669	1
3454	668	1
3455	669	1
3456	668	1
3457	670	2
3458	668	1
3459	669	5424
3460	670	2
3461	668	1
3462	669	1
3463	670	2
3464	669	1
3465	668	1
3466	668	1
3467	668	1
3468	669	1
3469	671	3
3470	669	1
3471	669	1
3472	668	1
3473	669	1
3474	668	1
3475	668	1
3476	669	1
3477	668	2
3478	672	5424
3479	671	1
3480	668	1
3481	670	2
3482	670	1
3483	669	5424
3484	670	1
3485	671	3
3486	669	1
3487	668	1
3488	668	1
3489	668	1
3490	670	5424
3491	670	2
3492	669	1
3493	671	2
3494	669	1
3495	668	1
3496	670	2
3497	668	1
3498	669	1
3499	669	1
3500	668	2
3501	668	1
3502	669	5424
3503	670	2
3504	669	1
3505	669	1
3506	669	1
3507	670	2
3508	669	1
3509	670	2
3510	671	2
3511	669	1
3512	669	5424
3513	669	1
3514	669	1
3515	669	1
3516	669	1
3517	669	1
3518	668	1
3519	670	2
3520	671	1
3521	670	2
3522	669	1
3523	670	2
3524	670	2
3525	669	1
3526	668	3
3527	669	1
3528	671	2
3529	668	1
3530	669	1
3531	669	1
3532	669	1
3533	670	2
3534	668	1
3535	669	1
3536	670	2
3537	669	1
3538	669	1
3539	668	2
3540	669	1
3541	668	1
3542	668	1
3543	670	2
3544	669	1
3545	669	1
3546	670	2
3547	669	1
3548	670	3
3549	669	1
3550	668	1
3551	670	2
3552	697	3
3553	669	1
3554	668	3
3555	669	3
3556	669	1
3557	669	1
3558	668	1
3559	668	4
3560	669	1
3561	669	1
3562	669	1
3563	668	2
3564	670	2
3565	673	5
3566	669	1
3567	669	1
3568	669	1
3569	669	1
3570	669	1
3571	668	1
3572	672	2
3573	676	5424
3574	669	1
3575	668	1
3576	669	1
3577	668	1
3578	669	1
3579	669	1
3580	669	1
3581	669	1
3582	668	2
3583	670	2
3584	669	1
3585	669	5424
3586	670	2
3587	668	2
3588	670	2
3589	669	1
3590	670	2
3591	668	1
3592	670	2
3593	670	2
3594	668	2
3595	669	1
3596	669	1
3597	669	5424
3598	670	2
3599	668	1
3600	668	1
3601	669	5424
3602	670	2
3603	670	5424
3604	670	2
3605	669	1
3606	670	2
3607	668	1
3608	669	1
3609	669	2
3610	670	2
3611	669	1
3612	669	1
3613	670	2
3614	669	1
3615	669	1
3616	669	1
3617	669	5424
3618	668	2
3619	669	1
3620	670	2
3621	670	2
3622	669	5424
3623	671	3
3624	669	5424
3625	670	2
3626	669	5424
3627	669	1
3628	671	3
3629	669	1
3630	671	2
3631	669	3
3632	669	5424
3633	670	2
3634	670	2
3635	668	5
3636	674	3
3637	669	1
3638	669	5424
3639	669	1
3640	668	1
3641	670	2
3642	669	2
3643	670	2
3644	669	1
3645	669	5424
3646	669	1
3647	669	1
3648	669	1
3649	670	2
3650	668	2
3651	670	2
3652	670	2
3653	669	1
3654	668	2
3655	668	1
3656	669	1
3657	669	1
3658	669	1
3659	669	1
3660	670	1
3661	670	2
3662	669	1
3663	670	2
3664	673	2
3665	670	2
3666	669	1
3667	668	1
3668	670	2
3669	669	5424
3670	669	1
3671	669	1
3672	668	1
3673	669	1
3674	668	1
3675	668	1
3676	669	1
3677	670	2
3678	670	1
3679	670	1
3680	669	1
3681	669	1
3682	669	1
3683	668	1
3684	669	1
3685	669	1
3686	668	4
3687	668	2
3688	669	5424
3689	669	1
3690	669	2
3691	668	1
3692	670	2
3693	669	1
3694	671	2
3695	669	1
3696	669	1
3697	669	1
3698	668	3
3699	669	1
3700	685	2
3701	670	2
3702	668	2
3703	669	1
3704	668	1
3705	668	1
3706	669	5424
3707	669	1
3708	670	2
3709	669	5424
3710	670	2
3711	670	5424
3712	672	5424
3713	668	1
3714	669	1
3715	668	1
3716	669	2
3717	669	1
3718	669	1
3719	669	5424
3720	668	1
3721	669	1
3722	670	2
3723	669	1
3724	670	2
3725	669	1
3726	669	5424
3727	669	1
3728	668	3
3729	668	1
3730	669	2
3731	668	1
3732	669	1
3733	669	1
3734	669	1
3735	668	2
3736	669	1
3737	669	5424
3738	668	2
3739	669	1
3740	668	2
3741	671	2
3742	670	1
3743	670	2
3744	668	2
3745	670	2
3746	671	2
3747	670	3
3748	669	1
3749	670	2
3750	669	1
3751	669	1
3752	670	2
3753	668	1
3754	669	1
3755	668	3
3756	668	1
3757	669	1
3758	668	1
3759	670	1
3760	671	2
3761	669	2
3762	669	1
3763	669	1
3764	669	1
3765	668	1
3766	669	1
3767	668	1
3768	670	2
3769	668	2
3770	669	1
3771	670	2
3772	674	2
3773	670	5424
3774	668	1
3775	669	1
3776	670	3
3777	669	1
3778	669	1
3779	669	2
3780	669	1
3781	678	5424
3782	668	1
3783	669	1
3784	672	5424
3785	669	1
3786	669	1
3787	669	1
3788	670	5424
3789	670	2
3790	670	3
3791	669	1
3792	669	1
3793	669	1
3794	669	1
3795	670	2
3796	669	1
3797	669	5424
3798	670	2
3799	669	1
3800	669	1
3801	669	1
3802	670	2
3803	669	1
3804	670	5424
3805	669	1
3806	668	1
3807	670	2
3808	673	5424
3809	669	1
3810	669	5424
3811	668	1
3812	669	1
3813	717	5424
3814	669	1
3815	670	2
3816	670	2
3817	669	1
3818	668	1
3819	670	2
3820	671	3
3821	669	5424
3822	670	2
3823	670	2
3824	672	5424
3825	670	2
3826	668	1
3827	669	1
3828	668	1
3829	668	1
3830	669	1
3831	669	1
3832	669	5424
3833	669	1
3834	670	2
3835	670	2
3836	670	2
3837	669	2
3838	669	1
3839	668	1
3840	669	2
3841	669	1
3842	669	1
3843	668	1
3844	669	1
3845	669	1
3846	669	1
3847	669	1
3848	670	2
3849	668	2
3850	670	2
3851	669	1
3852	669	5424
3853	669	1
3854	668	1
3855	669	1
3856	668	1
3857	670	2
3858	669	1
3859	670	1
3860	669	1
3861	669	5424
3862	670	2
3863	669	2
3864	670	2
3865	668	1
3866	669	1
3867	668	1
3868	669	1
3869	668	1
3870	669	1
3871	675	6
3872	668	1
3873	669	1
3874	668	1
3875	670	2
3876	670	2
3877	668	1
3878	670	2
3879	670	2
3880	669	1
3881	670	1
3882	670	2
3883	668	1
3884	669	1
3885	669	1
3886	669	1
3887	670	2
3888	668	2
3889	669	1
3890	669	1
3891	670	2
3892	670	2
3893	668	1
3894	670	2
3895	669	1
3896	669	5424
3897	669	1
3898	668	1
3899	668	2
3900	669	1
3901	668	1
3902	669	1
3903	669	5424
3904	669	1
3905	670	2
3906	670	2
3907	669	1
3908	670	2
3909	670	2
3910	670	2
3911	668	1
3912	669	1
3913	672	5424
3914	669	1
3915	669	1
3916	668	1
3917	669	5424
3918	670	2
3919	669	1
3920	670	2
3921	668	1
3922	668	1
3923	670	2
3924	669	1
3925	668	2
3926	670	2
3927	668	1
3928	670	5424
3929	668	1
3930	669	1
3931	668	1
3932	668	2
3933	668	1
3934	668	1
3935	669	1
3936	669	1
3937	669	1
3938	669	1
3939	669	1
3940	669	1
3941	669	1
3942	669	1
3943	669	2
3944	669	1
3945	669	1
3946	669	1
3947	669	1
3948	673	8
3949	670	2
3950	669	1
3951	669	2
3952	670	2
3953	669	1
3954	668	1
3955	668	1
3956	669	1
3957	670	2
3958	669	1
3959	669	1
3960	668	1
3961	670	2
3962	673	5
3963	670	2
3964	669	1
3965	670	2
3966	669	1
3967	669	1
3968	669	5424
3969	668	1
3970	670	2
3971	668	2
3972	670	2
3973	669	1
3974	669	1
3975	669	1
3976	668	1
3977	669	1
3978	670	2
3979	668	1
3980	669	1
3981	670	2
3982	670	2
3983	669	1
3984	669	2
3985	669	1
3986	668	1
3987	670	2
3988	669	1
3989	668	1
3990	669	5424
3991	671	2
3992	669	1
3993	669	1
3994	668	1
3995	668	2
3996	670	5424
3997	668	1
3998	670	3
3999	668	1
4000	668	1
4001	669	1
4002	669	1
4003	668	3
4004	670	2
4005	669	1
4006	669	5424
4007	670	2
4008	668	1
4009	670	2
4010	668	1
4011	669	1
4012	669	1
4013	669	1
4014	668	1
4015	669	5424
4016	669	2
4017	670	2
4018	671	3
4019	668	2
4020	669	1
4021	669	1
4022	669	1
4023	669	1
4024	670	2
4025	668	4
4026	670	2
4027	670	2
4028	669	1
4029	668	1
4030	669	5424
4031	670	1
4032	669	1
4033	670	2
4034	669	1
4035	669	1
4036	670	2
4037	669	1
4038	669	1
4039	669	1
4040	669	1
4041	670	1
4042	668	3
4043	669	1
4044	668	2
4045	669	5424
4046	670	2
4047	669	5424
4048	669	5424
4049	668	1
4050	669	1
4051	668	1
4052	669	1
4053	671	1
4054	668	1
4055	669	3
4056	669	1
4057	668	1
4058	669	5424
4059	669	1
4060	669	1
4061	669	1
4062	670	1
4063	670	5424
4064	669	5424
4065	669	2
4066	669	1
4067	677	1
4068	669	2
4069	670	1
4070	668	2
4071	668	1
4072	669	1
4073	668	7
4074	669	1
4075	671	1
4076	669	5424
4077	669	5424
4078	668	1
4079	668	1
4080	669	1
4081	669	1
4082	668	1
4083	669	1
4084	668	1
4085	668	1
4086	669	5424
4087	669	1
4088	669	1
4089	668	1
4090	668	1
4091	668	1
4092	668	1
4093	669	1
4094	668	1
4095	669	1
4096	669	5424
4097	669	1
4098	668	2
4099	668	1
4100	669	5424
4101	669	1
4102	668	1
4103	669	1
4104	668	1
4105	670	5424
4106	669	1
4107	669	1
4108	668	1
4109	669	1
4110	669	5424
4111	669	5424
4112	669	5424
4113	668	1
4114	668	1
4115	669	2
4116	673	1
4117	669	1
4118	668	1
4119	668	2
4120	669	1
4121	669	1
4122	670	4
4123	669	1
4124	668	1
4125	668	2
4126	668	1
4127	669	1
4128	669	1
4129	669	1
4130	668	1
4131	669	1
4132	669	1
4133	670	1
4134	669	2
4135	671	1
4136	669	1
4137	668	2
4138	668	2
4139	669	1
4140	668	1
4141	668	1
4142	669	1
4143	669	1
4144	669	1
4145	669	5424
4146	668	3
4147	669	1
4148	669	3
4149	673	8
4150	669	1
4151	668	1
4152	669	1
4153	668	1
4154	670	2
4155	668	1
4156	669	5424
4157	668	1
4158	668	1
4159	669	1
4160	669	1
4161	668	3
4162	668	2
4163	669	1
4164	669	1
4165	669	1
4166	669	1
4167	669	1
4168	669	1
4169	668	1
4170	671	1
4171	669	5424
4172	680	5424
4173	670	5424
4174	669	1
4175	669	1
4176	669	1
4177	669	5424
4178	668	1
4179	668	2
4180	670	5424
4181	668	3
4182	669	1
4183	670	2
4184	668	2
4185	669	1
4186	668	3
4187	685	1
4188	669	1
4189	669	1
4190	669	5424
4191	669	5424
4192	668	1
4193	669	1
4194	670	5424
4195	668	1
4196	670	5424
4197	670	5424
4198	669	1
4199	668	1
4200	669	1
4201	669	1
4202	668	1
4203	668	2
4204	669	1
4205	669	1
4206	669	5424
4207	669	5424
4208	669	5424
4209	668	1
4210	672	5424
4211	669	1
4212	669	1
4213	668	1
4214	670	5424
4215	668	1
4216	668	1
4217	669	1
4218	669	5424
4219	668	2
4220	668	1
4221	669	1
4222	668	1
4223	670	5424
4224	668	1
4225	668	2
4226	670	2
4227	668	1
4228	670	1
4229	669	5424
4230	669	1
4231	668	2
4232	669	1
4233	668	1
4234	672	4
4235	669	1
4236	669	1
4237	669	5424
4238	670	2
4239	669	1
4240	669	1
4241	669	2
4242	669	2
4243	669	1
4244	669	1
4245	669	1
4246	669	5424
4247	669	1
4248	668	1
4249	669	1
4250	669	1
4251	669	2
4252	668	1
4253	668	1
4254	668	1
4255	670	5424
4256	668	1
4257	669	1
4258	669	1
4259	668	1
4260	669	5424
4261	671	2
4262	669	1
4263	670	2
4264	669	1
4265	669	1
4266	669	1
4267	672	5424
4268	668	1
4269	669	1
4270	669	5424
4271	669	1
4272	669	1
4273	669	5424
4274	669	5424
4275	669	1
4276	668	7
4277	668	1
4278	670	2
4279	669	1
4280	668	1
4281	673	2
4282	670	1
4283	669	1
4284	669	1
4285	668	1
4286	669	1
4287	669	2
4288	669	1
4289	669	1
4290	668	1
4291	669	1
4292	669	3
4293	668	3
4294	669	1
4295	669	1
4296	669	5424
4297	668	1
4298	670	5424
4299	669	5424
4300	669	1
4301	669	5424
4302	669	1
4303	669	1
4304	669	1
4305	668	1
4306	669	1
4307	669	1
4308	668	1
4309	677	5424
4310	668	2
4311	669	1
4312	668	1
4313	669	1
4314	670	5424
4315	669	1
4316	669	5424
4317	668	1
4318	669	1
4319	669	5424
4320	668	2
4321	674	1
4322	668	1
4323	668	1
4324	669	1
4325	669	1
4326	671	5424
4327	669	1
4328	668	1
4329	669	1
4330	669	2
4331	669	1
4332	668	1
4333	669	5424
4334	668	1
4335	683	1
4336	668	2
4337	669	1
4338	668	1
4339	669	1
4340	669	1
4341	668	2
4342	669	1
4343	668	1
4344	668	1
4345	669	5424
4346	669	5424
4347	669	5424
4348	669	1
4349	668	1
4350	668	1
4351	669	5424
4352	668	1
4353	668	1
4354	668	1
4355	670	2
4356	670	2
4357	669	1
4358	669	1
4359	669	5424
4360	669	1
4361	668	1
4362	669	5424
4363	668	1
4364	669	1
4365	668	2
4366	668	1
4367	668	2
4368	670	1
4369	668	2
4370	669	5424
4371	670	2
4372	671	3
4373	669	1
4374	669	1
4375	670	5424
4376	669	1
4377	669	1
4378	668	1
4379	669	1
4380	670	1
4381	670	2
4382	668	1
4383	669	1
4384	668	1
4385	669	5424
4386	668	1
4387	668	1
4388	668	1
4389	669	1
4390	671	3
4391	668	1
4392	668	1
4393	669	1
4394	668	1
4395	670	1
4396	668	2
4397	669	1
4398	668	1
4399	668	1
4400	668	1
4401	670	5424
4402	669	1
4403	670	1
4404	668	1
4405	669	5424
4406	669	1
4407	669	1
4408	673	2
4409	669	5424
4410	669	1
4411	669	5424
4412	669	1
4413	669	1
4414	669	1
4415	673	5
4416	668	3
4417	668	1
4418	669	5424
4419	668	1
4420	668	1
4421	669	5424
4422	668	1
4423	668	1
4424	668	1
4425	669	5424
4426	668	1
4427	668	1
4428	669	5424
4429	668	1
4430	669	1
4431	671	5424
4432	668	2
4433	668	1
4434	669	1
4435	669	1
4436	669	2
4437	669	1
4438	668	2
4439	674	5
4440	669	1
4441	668	1
4442	669	1
4443	669	1
4444	669	5424
4445	668	1
4446	669	1
4447	669	1
4448	669	1
4449	669	5424
4450	669	1
4451	669	1
4452	669	1
4453	669	1
4454	668	1
4455	669	5424
4456	668	1
4457	669	5424
4458	669	1
4459	668	2
4460	670	5424
4461	668	1
4462	669	5424
4463	669	1
4464	671	5424
4465	669	1
4466	669	1
4467	669	1
4468	669	1
4469	669	1
4470	669	1
4471	669	5424
4472	668	1
4473	669	1
4474	670	5424
4475	670	1
4476	669	1
4477	669	1
4478	668	1
4479	669	1
4480	669	1
4481	669	1
4482	669	1
4483	670	5424
4484	669	1
4485	668	2
4486	669	2
4487	669	1
4488	669	1
4489	668	1
4490	669	1
4491	669	1
4492	668	1
4493	668	7
4494	668	1
4495	669	1
4496	669	1
4497	668	1
4498	668	4
4499	669	1
4500	669	1
4501	668	2
4502	668	1
4503	669	1
4504	669	1
4505	669	5424
4506	669	5424
4507	670	1
4508	668	3
4509	669	1
4510	669	5424
4511	669	1
4512	668	1
4513	668	1
4514	670	5424
4515	669	1
4516	668	1
4517	672	5424
4518	670	5424
4519	669	1
4520	669	1
4521	669	1
4522	670	2
4523	668	1
4524	668	1
4525	669	1
4526	672	3
4527	668	3
4528	669	1
4529	668	1
4530	669	5424
4531	668	2
4532	669	5424
4533	669	5424
4534	668	1
4535	669	2
4536	669	5424
4537	672	5424
4538	668	1
4539	668	2
4540	669	5424
4541	669	1
4542	669	1
4543	668	1
4544	668	1
4545	668	1
4546	668	1
4547	668	1
4548	669	1
4549	668	1
4550	668	1
4551	672	2
4552	672	5424
4553	669	1
4554	668	1
4555	671	2
4556	669	5424
4557	668	1
4558	668	2
4559	669	2
4560	668	1
4561	668	5
4562	669	1
4563	669	5424
4564	668	1
4565	668	2
4566	678	10
4567	669	1
4568	669	1
4569	670	2
4570	668	1
4571	668	1
4572	669	2
4573	670	1
4574	668	1
4575	668	1
4576	668	1
4577	669	1
4578	668	1
4579	669	1
4580	670	1
4581	669	1
4582	671	1
4583	669	1
4584	668	1
4585	669	1
4586	668	1
4587	669	1
4588	670	1
4589	669	2
4590	669	5424
4591	668	1
4592	669	5424
4593	668	1
4594	669	1
4595	668	1
4596	669	1
4597	668	1
4598	668	1
4599	670	1
4600	669	1
4601	668	1
4602	669	1
4603	669	1
4604	669	1
4605	669	1
4606	668	1
4607	671	1
4608	669	2
4609	668	1
4610	669	1
4611	669	1
4612	670	2
4613	669	1
4614	669	1
4615	669	1
4616	669	1
4617	675	6
4618	668	1
4619	670	1
4620	670	5424
4621	670	1
4622	669	5424
4623	669	1
4624	672	4
4625	669	5424
4626	670	1
4627	669	1
4628	668	1
4629	668	1
4630	668	1
4631	669	5424
4632	669	1
4633	668	1
4634	669	1
4635	669	1
4636	669	5424
4637	669	5424
4638	668	1
4639	668	3
4640	669	1
4641	668	1
4642	669	5424
4643	669	1
4644	668	4
4645	669	1
4646	669	1
4647	669	1
4648	669	1
4649	669	1
4650	669	1
4651	668	1
4652	668	1
4653	668	3
4654	668	1
4655	670	1
4656	669	1
4657	669	5424
4658	669	2
4659	671	3
4660	669	1
4661	669	1
4662	669	1
4663	669	1
4664	668	1
4665	669	1
4666	670	1
4667	670	1
4668	668	1
4669	668	1
4670	669	1
4671	669	1
4672	669	2
4673	669	1
4674	669	1
4675	671	5424
4676	668	11
4677	668	1
4678	669	1
4679	669	5424
4680	669	1
4681	669	1
4682	669	1
4683	668	2
4684	670	5424
4685	669	1
4686	669	1
4687	669	1
4688	669	1
4689	669	1
4690	670	2
4691	669	1
4692	669	1
4693	668	3
4694	669	1
4695	669	1
4696	668	1
4697	669	5424
4698	669	2
4699	669	1
4700	669	5424
4701	669	1
4702	673	5
4703	670	2
4704	668	2
4705	668	2
4706	669	1
4707	668	1
4708	669	1
4709	668	1
4710	669	1
4711	669	1
4712	668	1
4713	668	1
4714	668	1
4715	670	2
4716	669	5424
4717	669	5424
4718	673	8
4719	669	2
4720	668	1
4721	669	1
4722	669	5424
4723	669	1
4724	670	1
4725	670	1
4726	668	1
4727	670	1
4728	668	1
4729	669	1
4730	668	1
4731	669	1
4732	669	1
4733	668	1
4734	669	5424
4735	669	1
4736	669	1
4737	669	1
4738	669	5424
4739	668	1
4740	669	1
4741	669	1
4742	669	1
4743	669	1
4744	668	3
4745	669	5424
4746	669	5424
4747	668	1
4748	670	2
4749	669	1
4750	669	5424
4751	669	1
4752	669	1
4753	669	2
4754	669	1
4755	668	2
4756	669	1
4757	668	1
4758	669	1
4759	669	1
4760	669	1
4761	668	1
4762	669	1
4763	669	1
4764	669	1
4765	668	1
4766	669	1
4767	668	1
4768	669	4
4769	668	1
4770	672	1
4771	668	1
4772	669	5424
4773	668	2
4774	669	3
4775	668	3
4776	669	1
4777	669	1
4778	669	1
4779	669	1
4780	668	3
4781	669	1
4782	669	1
4783	669	1
4784	668	1
4785	669	1
4786	673	5424
4787	668	1
4788	669	1
4789	668	1
4790	669	1
4791	668	2
4792	668	1
4793	668	1
4794	669	5424
4795	669	5424
4796	669	1
4797	668	1
4798	668	1
4799	668	2
4800	668	1
4801	668	2
4802	668	1
4803	669	1
4804	668	2
4805	669	1
4806	669	1
4807	670	1
4808	669	5424
4809	669	1
4810	669	5424
4811	669	5424
4812	669	1
4813	668	1
4814	669	1
4815	668	1
4816	669	1
4817	668	1
4818	668	1
4819	668	3
4820	670	1
4821	669	1
4822	669	5424
4823	669	1
4824	669	1
4825	669	1
4826	669	1
4827	668	1
4828	669	5424
4829	669	1
4830	669	1
4831	669	1
4832	669	1
4833	670	1
4834	672	5424
4835	669	1
4836	669	5424
4837	669	1
4838	669	1
4839	668	4
4840	669	5424
4841	669	5424
4842	669	1
4843	669	1
4844	668	3
4845	669	5424
4846	668	1
4847	669	1
4848	669	5424
4849	669	5424
4850	668	1
4851	668	1
4852	669	1
4853	668	1
4854	668	1
4855	670	5424
4856	669	2
4857	669	1
4858	668	3
4859	669	1
4860	668	1
4861	669	1
4862	669	1
4863	672	2
4864	669	1
4865	668	1
4866	670	5424
4867	669	1
4868	668	1
4869	669	1
4870	669	5424
4871	668	1
4872	669	1
4873	669	1
4874	668	1
4875	669	1
4876	669	1
4877	669	1
4878	669	1
4879	669	5424
4880	669	1
4881	668	1
4882	669	1
4883	669	1
4884	668	9
4885	669	1
4886	670	2
4887	669	1
4888	668	1
4889	669	1
4890	670	2
4891	670	2
4892	669	1
4893	668	2
4894	668	1
4895	668	2
4896	669	1
4897	669	5424
4898	669	1
4899	669	1
4900	669	1
4901	669	1
4902	668	1
4903	669	5424
4904	668	2
4905	669	1
4906	669	1
4907	671	5424
4908	669	5424
4909	668	2
4910	672	3
4911	669	1
4912	669	5424
4913	669	1
4914	669	1
4915	669	1
4916	668	1
4917	670	2
4918	669	5424
4919	669	1
4920	669	1
4921	668	1
4922	668	1
4923	669	1
4924	669	1
4925	669	5424
4926	669	1
4927	669	1
4928	669	5424
4929	671	5424
4930	669	5424
4931	669	1
4932	668	1
4933	668	2
4934	669	1
4935	671	5424
4936	670	2
4937	669	1
4938	669	1
4939	685	1
4940	669	1
4941	731	5424
4942	669	1
4943	669	1
4944	669	1
4945	669	5424
4946	668	1
4947	668	2
4948	669	1
4949	669	2
4950	669	1
4951	669	1
4952	669	5424
4953	668	1
4954	669	1
4955	669	1
4956	669	5424
4957	668	1
4958	669	1
4959	668	1
4960	669	1
4961	669	1
4962	668	1
4963	668	1
4964	669	1
4965	668	1
4966	669	1
4967	669	1
4968	672	2
4969	671	2
4970	668	2
4971	668	1
4972	669	1
4973	669	1
4974	669	2
4975	668	1
4976	669	1
4977	669	1
4978	669	1
4979	668	1
4980	669	1
4981	669	5424
4982	669	5424
4983	669	1
4984	669	1
4985	670	1
4986	670	5424
4987	669	1
4988	668	1
4989	669	1
4990	669	5424
4991	669	1
4992	672	5424
4993	669	1
4994	668	1
4995	669	2
4996	668	1
4997	668	1
4998	668	1
4999	668	2
5000	669	1
5001	669	1
5002	669	1
5003	668	1
5004	670	2
5005	668	3
5006	669	1
5007	669	1
5008	669	1
5009	668	1
5010	669	1
5011	670	5424
5012	668	1
5013	668	1
5014	669	1
5015	669	1
5016	668	6
5017	668	1
5018	668	1
5019	669	1
5020	668	1
5021	669	1
5022	669	3
5023	669	1
5024	669	1
5025	668	2
5026	669	1
5027	670	1
5028	668	2
5029	668	1
5030	669	1
5031	669	5424
5032	669	1
5033	703	2
5034	668	1
5035	670	5424
5036	670	1
5037	668	3
5038	669	1
5039	669	1
5040	670	5424
5041	668	1
5042	669	5424
5043	669	5424
5044	669	1
5045	668	1
5046	669	1
5047	669	5424
5048	669	1
5049	671	2
5050	669	1
5051	668	1
5052	668	3
5053	669	1
5054	668	1
5055	669	1
5056	668	1
5057	669	1
5058	671	1
5059	669	5424
5060	669	1
5061	669	1
5062	669	5424
5063	669	1
5064	668	1
5065	669	1
5066	668	2
5067	668	1
5068	669	1
5069	669	1
5070	668	1
5071	669	1
5072	670	2
5073	670	1
5074	669	1
5075	669	1
5076	669	5424
5077	668	1
5078	669	1
5079	669	1
5080	669	1
5081	668	1
5082	668	1
5083	670	1
5084	669	1
5085	670	1
5086	669	5424
5087	668	1
5088	669	1
5089	669	5424
5090	668	1
5091	671	2
5092	671	5424
5093	669	1
5094	669	5424
5095	669	1
5096	669	5424
5097	669	1
5098	668	2
5099	669	2
5100	668	1
5101	669	1
5102	669	1
5103	669	5424
5104	670	2
5105	670	2
5106	669	1
5107	668	1
5108	668	2
5109	668	2
5110	668	1
5111	669	2
5112	668	1
5113	668	1
5114	669	1
5115	669	1
5116	684	8
5117	669	1
5118	670	1
5119	669	1
5120	673	5424
5121	669	1
5122	671	1
5123	673	5424
5124	669	1
5125	670	2
5126	669	5424
5127	668	1
5128	669	1
5129	669	5424
5130	669	1
5131	668	1
5132	669	1
5133	669	1
5134	669	1
5135	669	1
5136	668	1
5137	668	1
5138	668	1
5139	669	1
5140	671	3
5141	669	5424
5142	668	1
5143	670	1
5144	669	1
5145	668	1
5146	668	2
5147	668	3
5148	669	1
5149	668	1
5150	669	1
5151	669	1
5152	669	5424
5153	669	1
5154	668	2
5155	669	1
5156	669	1
5157	668	1
5158	669	5424
5159	668	1
5160	669	1
5161	668	1
5162	668	1
5163	669	5424
5164	669	1
5165	668	1
5166	669	1
5167	668	1
5168	669	1
5169	669	5424
5170	669	1
5171	669	5424
5172	668	2
5173	670	2
5174	669	1
5175	669	1
5176	673	1
5177	668	2
5178	669	1
5179	668	2
5180	669	1
5181	669	1
5182	668	1
5183	669	1
5184	668	1
5185	669	1
5186	669	1
5187	668	1
5188	669	1
5189	669	1
5190	669	1
5191	669	1
5192	669	1
5193	668	1
5194	669	5424
5195	669	1
5196	669	1
5197	669	2
5198	669	1
5199	668	1
5200	669	1
5201	669	1
5202	669	1
5203	669	5424
5204	669	1
5205	669	1
5206	670	2
5207	669	1
5208	669	1
5209	669	5424
5210	668	1
5211	669	1
5212	669	5424
5213	669	1
5214	668	2
5215	669	1
5216	669	5424
5217	669	1
5218	669	5424
5219	670	1
5220	669	1
5221	669	2
5222	670	2
5223	669	5424
5224	669	1
5225	669	1
5226	668	3
5227	669	1
5228	668	1
5229	671	3
5230	668	1
5231	669	1
5232	668	1
5233	669	1
5234	668	1
5235	669	1
5236	669	1
5237	668	3
5238	668	1
5239	668	1
5240	669	1
5241	668	4
5242	669	5424
5243	669	1
5244	668	1
5245	668	3
5246	670	5424
5247	669	5424
5248	669	1
5249	669	5424
5250	669	5424
5251	669	1
5252	669	1
5253	668	2
5254	669	1
5255	668	1
5256	670	2
5257	669	1
5258	669	1
5259	669	1
5260	668	1
5261	669	1
5262	669	1
5263	669	2
5264	669	2
5265	668	1
5266	669	1
5267	668	1
5268	668	2
5269	668	1
5270	668	1
5271	669	1
5272	669	1
5273	669	1
5274	669	1
5275	669	1
5276	668	1
5277	669	1
5278	668	2
5279	669	1
5280	669	1
5281	669	1
5282	670	3
5283	669	1
5284	669	1
5285	669	5424
5286	670	1
5287	669	3
5288	668	1
5289	668	1
5290	669	1
5291	668	1
5292	669	1
5293	669	5424
5294	668	1
5295	670	1
5296	669	5424
5297	669	3
5298	669	1
5299	669	1
5300	669	1
5301	668	1
5302	669	5424
5303	676	5424
5304	668	2
5305	668	1
5306	688	5424
5307	668	1
5308	669	1
5309	668	1
5310	668	1
5311	669	1
5312	669	1
5313	669	1
5314	670	1
5315	670	1
5316	669	1
5317	668	1
5318	670	1
5319	668	1
5320	668	2
5321	668	1
5322	669	2
5323	669	1
5324	673	1
5325	669	1
5326	668	1
5327	668	1
5328	669	1
5329	668	1
5330	669	1
5331	670	5424
5332	669	1
5333	668	1
5334	668	2
5335	668	1
5336	668	1
5337	669	1
5338	668	3
5339	668	1
5340	669	1
5341	669	1
5342	668	1
5343	669	1
5344	669	1
5345	668	3
5346	669	5424
5347	668	1
5348	669	1
5349	669	1
5350	668	1
5351	669	1
5352	669	1
5353	668	1
5354	669	1
5355	668	1
5356	670	1
5357	669	1
5358	668	2
5359	669	1
5360	669	5424
5361	669	1
5362	669	1
5363	669	5424
5364	669	1
5365	669	1
5366	670	2
5367	669	1
5368	669	1
5369	669	1
5370	669	1
5371	668	1
5372	669	1
5373	668	1
5374	670	3
5375	669	5424
5376	668	1
5377	668	4
5378	670	5424
5379	668	1
5380	669	1
5381	668	1
5382	669	1
5383	668	1
5384	669	1
5385	668	1
5386	669	1
5387	669	1
5388	669	1
5389	669	2
5390	668	1
5391	669	1
5392	669	2
5393	669	1
5394	668	1
5395	669	1
5396	668	1
5397	668	2
5398	669	5424
5399	670	2
5400	668	2
5401	669	1
5402	668	2
5403	669	1
5404	669	1
5405	669	1
5406	672	5424
5407	670	1
5408	669	1
5409	668	3
5410	669	1
5411	668	1
5412	669	1
5413	668	1
5414	668	1
5415	668	1
5416	668	3
5417	669	1
5418	669	1
5419	669	1
5420	668	1
5421	669	1
5422	668	2
5423	669	1
