1112
0.058055
5.753197e-04
2.130814e-04
2.130814e-04
1.094190e-03
2.130814e-04
3.036410e-04
2.130814e-04
2.130814e-04
2.130814e-04
3.942005e-04
1.208392e-03
3.942005e-04
5.753197e-04
3.036410e-04
5.092511e-04
2.130814e-04
2.130814e-04
2.130814e-04
3.942005e-04
5.753197e-04
2.130814e-04
2.130814e-04
2.130814e-04
3.942005e-04
1.420542e-03
2.024273e-03
2.130814e-04
1.420542e-03
1.420542e-03
2.130814e-04
1.028118e-03
2.130814e-04
2.130814e-04
2.130814e-04
2.734544e-04
2.130814e-04
2.130814e-04
1.420542e-03
1.420542e-03
2.130814e-04
2.130814e-04
2.130814e-04
3.942005e-04
2.130814e-04
3.942005e-04
2.130814e-04
2.130814e-04
2.130814e-04
2.130814e-04
1.420542e-03
3.942005e-04
1.761650e-03
2.130814e-04
2.130814e-04
2.130814e-04
2.130814e-04
3.036410e-04
3.036410e-04
2.130814e-04
2.130814e-04
3.036410e-04
3.036410e-04
2.130814e-04
2.130814e-04
3.942005e-04
2.130814e-04
5.753197e-04
2.130814e-04
2.130814e-04
4.847601e-04
2.130814e-04
2.734544e-04
2.130814e-04
3.705763e-04
3.942005e-04
2.130814e-04
3.942005e-04
2.130814e-04
5.753197e-04
1.420542e-03
1.420542e-03
5.753197e-04
1.249588e-03
2.130814e-04
2.130814e-04
2.130814e-04
2.130814e-04
2.130814e-04
2.130814e-04
2.130814e-04
2.130814e-04
2.130814e-04
2.130814e-04
1.420542e-03
2.130814e-04
1.420542e-03
3.942005e-04
2.130814e-04
2.130814e-04
1.975299e-03
1.420542e-03
3.942005e-04
3.036410e-04
1.420542e-03
5.345679e-04
1.420542e-03
2.130814e-04
1.420542e-03
2.130814e-04
1.420542e-03
1.420542e-03
3.942005e-04
7.564389e-04
2.024273e-03
1.420542e-03
2.130814e-04
3.036410e-04
3.030491e-03
2.130814e-04
2.130814e-04
1.420542e-03
2.130814e-04
2.130814e-04
3.942005e-04
2.130814e-04
2.734544e-04
2.130814e-04
2.130814e-04
1.420542e-03
3.942005e-04
2.130814e-04
5.481518e-04
1.420542e-03
1.420542e-03
2.130814e-04
2.130814e-04
1.420542e-03
2.734544e-04
7.790788e-04
5.753197e-04
3.942005e-04
3.036410e-04
1.420542e-03
2.130814e-04
2.130814e-04
1.975299e-03
2.130814e-04
2.130814e-04
2.130814e-04
2.734544e-04
3.942005e-04
2.130814e-04
2.073247e-03
2.130814e-04
3.942005e-04
2.130814e-04
1.420542e-03
1.420542e-03
1.420542e-03
1.420542e-03
3.942005e-04
3.942005e-04
3.705763e-04
2.130814e-04
1.420542e-03
1.420542e-03
1.420542e-03
1.420542e-03
1.420542e-03
1.420542e-03
1.420542e-03
1.420542e-03
2.130814e-04
2.130814e-04
2.130814e-04
1.420542e-03
1.420542e-03
1.420542e-03
1.420542e-03
1.420542e-03
1.420542e-03
1.420542e-03
1.420542e-03
1.420542e-03
3.942005e-04
1.420542e-03
1.420542e-03
7.564389e-04
1.420542e-03
1.420542e-03
1.420542e-03
2.130814e-04
1.420542e-03
2.130814e-04
1.420542e-03
1.823030e-03
1.420542e-03
1.420542e-03
1.420542e-03
1.420542e-03
1.420542e-03
5.753197e-04
1.420542e-03
6.773986e-04
1.420542e-03
1.420542e-03
1.420542e-03
1.420542e-03
1.420542e-03
1.420542e-03
1.420542e-03
1.420542e-03
1.420542e-03
1.420542e-03
3.942005e-04
2.130814e-04
2.130814e-04
1.420542e-03
2.130814e-04
1.420542e-03
1.420542e-03
1.420542e-03
1.420542e-03
1.420542e-03
2.130814e-04
1.420542e-03
1.420542e-03
2.130814e-04
1.420542e-03
2.130814e-04
2.130814e-04
1.420542e-03
1.420542e-03
1.420542e-03
2.130814e-04
1.420542e-03
3.942005e-04
2.130814e-04
3.705763e-04
3.942005e-04
1.420542e-03
1.420542e-03
1.420542e-03
1.420542e-03
2.130814e-04
1.420542e-03
1.420542e-03
1.420542e-03
1.420542e-03
1.420542e-03
1.420542e-03
1.420542e-03
3.036410e-04
3.942005e-04
1.420542e-03
1.420542e-03
2.130814e-04
1.420542e-03
1.420542e-03
2.130814e-04
3.942005e-04
1.420542e-03
2.130814e-04
1.420542e-03
7.564389e-04
1.420542e-03
2.130814e-04
1.420542e-03
1.420542e-03
1.420542e-03
2.130814e-04
1.420542e-03
1.420542e-03
3.036410e-04
2.130814e-04
1.420542e-03
1.420542e-03
2.130814e-04
2.130814e-04
1.420542e-03
1.420542e-03
1.420542e-03
2.073247e-03
1.420542e-03
1.420542e-03
1.420542e-03
5.753197e-04
1.420542e-03
2.130814e-04
1.420542e-03
1.420542e-03
1.094190e-03
1.420542e-03
1.420542e-03
1.420542e-03
2.130814e-04
1.420542e-03
3.942005e-04
1.420542e-03
1.420542e-03
1.420542e-03
2.130814e-04
1.420542e-03
1.420542e-03
2.130814e-04
4.586238e-04
3.705763e-04
3.036410e-04
1.420542e-03
3.942005e-04
1.420542e-03
1.420542e-03
3.942005e-04
3.942005e-04
4.257239e-04
1.420542e-03
1.420542e-03
1.420542e-03
1.420542e-03
1.420542e-03
1.420542e-03
1.420542e-03
2.130814e-04
1.420542e-03
3.942005e-04
2.073247e-03
1.420542e-03
2.130814e-04
1.420542e-03
1.420542e-03
5.753197e-04
1.420542e-03
1.420542e-03
1.420542e-03
3.942005e-04
1.420542e-03
3.942005e-04
1.420542e-03
3.942005e-04
5.753197e-04
2.130814e-04
1.420542e-03
1.420542e-03
1.420542e-03
1.420542e-03
3.942005e-04
1.420542e-03
1.420542e-03
1.420542e-03
1.420542e-03
1.420542e-03
1.420542e-03
1.420542e-03
1.420542e-03
1.420542e-03
3.036410e-04
2.130814e-04
1.420542e-03
1.420542e-03
1.420542e-03
1.420542e-03
1.420542e-03
3.036410e-04
3.942005e-04
1.420542e-03
1.420542e-03
1.420542e-03
1.420542e-03
1.420542e-03
1.420542e-03
1.420542e-03
1.420542e-03
1.420542e-03
7.875891e-04
2.130814e-04
1.420542e-03
2.130814e-04
1.420542e-03
1.420542e-03
1.420542e-03
2.130814e-04
1.420542e-03
3.036410e-04
3.942005e-04
2.130814e-04
1.420542e-03
1.420542e-03
2.024273e-03
1.420542e-03
1.420542e-03
3.942005e-04
2.130814e-04
1.420542e-03
1.420542e-03
1.420542e-03
1.420542e-03
1.420542e-03
1.420542e-03
1.420542e-03
3.036410e-04
1.420542e-03
1.420542e-03
1.420542e-03
1.420542e-03
1.420542e-03
1.420542e-03
2.130814e-04
1.420542e-03
2.130814e-04
1.420542e-03
1.420542e-03
1.420542e-03
1.420542e-03
1.780662e-03
2.130814e-04
1.420542e-03
1.420542e-03
3.942005e-04
1.420542e-03
2.130814e-04
1.420542e-03
1.420542e-03
1.420542e-03
1.420542e-03
2.130814e-04
6.658793e-04
2.130814e-04
2.130814e-04
1.420542e-03
2.130814e-04
1.420542e-03
1.420542e-03
3.705763e-04
1.420542e-03
1.420542e-03
1.420542e-03
1.420542e-03
1.420542e-03
1.420542e-03
1.420542e-03
2.130814e-04
1.420542e-03
1.118677e-03
2.130814e-04
1.420542e-03
1.420542e-03
2.130814e-04
6.495581e-04
2.130814e-04
2.130814e-04
1.420542e-03
2.130814e-04
2.130814e-04
1.420542e-03
1.420542e-03
6.790104e-04
1.420542e-03
1.420542e-03
1.420542e-03
2.130814e-04
1.420542e-03
1.420542e-03
2.130814e-04
2.130814e-04
1.420542e-03
1.420542e-03
5.753197e-04
1.094190e-03
1.420542e-03
1.420542e-03
2.130814e-04
1.420542e-03
1.420542e-03
1.420542e-03
3.705763e-04
1.420542e-03
1.420542e-03
1.420542e-03
1.420542e-03
1.420542e-03
1.420542e-03
1.420542e-03
1.420542e-03
1.420542e-03
3.942005e-04
3.942005e-04
1.420542e-03
2.130814e-04
3.942005e-04
1.420542e-03
1.420542e-03
3.942005e-04
1.420542e-03
1.420542e-03
1.420542e-03
1.420542e-03
9.968719e-04
2.024273e-03
1.420542e-03
2.130814e-04
2.130814e-04
5.753197e-04
5.481518e-04
2.130814e-04
2.130814e-04
9.375580e-04
9.040377e-03
1.420542e-03
2.130814e-04
3.942005e-04
1.420542e-03
2.130814e-04
2.734544e-04
3.942005e-04
2.130814e-04
2.130814e-04
3.942005e-04
2.130814e-04
2.130814e-04
1.420542e-03
1.420542e-03
5.481518e-04
1.420542e-03
3.705763e-04
3.942005e-04
2.130814e-04
3.036410e-04
3.942005e-04
2.130814e-04
2.130814e-04
1.420542e-03
2.130814e-04
2.130814e-04
2.130814e-04
2.130814e-04
2.130814e-04
2.130814e-04
2.130814e-04
1.420542e-03
2.130814e-04
1.420542e-03
3.942005e-04
2.130814e-04
1.420542e-03
1.420542e-03
2.130814e-04
4.847601e-04
1.844213e-03
1.420542e-03
2.130814e-04
2.130814e-04
2.130814e-04
2.130814e-04
1.420542e-03
4.684065e-03
7.564389e-04
5.753197e-04
1.420542e-03
2.130814e-04
2.073247e-03
2.130814e-04
2.130814e-04
2.130814e-04
3.036410e-04
3.036410e-04
5.481518e-04
9.375580e-04
1.420542e-03
1.420542e-03
2.130814e-04
2.130814e-04
1.420542e-03
2.130814e-04
2.130814e-04
1.420542e-03
1.094190e-03
2.130814e-04
2.130814e-04
2.130814e-04
1.420542e-03
2.130814e-04
3.942005e-04
7.564389e-04
2.130814e-04
1.420542e-03
3.942005e-04
3.036410e-04
5.058907e-04
2.130814e-04
2.130814e-04
1.420542e-03
9.375580e-04
1.420542e-03
1.420542e-03
2.130814e-04
1.420542e-03
2.130814e-04
2.130814e-04
2.130814e-04
1.420542e-03
3.942005e-04
2.130814e-04
4.711762e-04
3.942005e-04
2.734544e-04
2.073247e-03
2.130814e-04
1.420542e-03
2.130814e-04
2.130814e-04
2.130814e-04
2.130814e-04
1.208392e-03
1.420542e-03
7.564389e-04
1.567538e-03
5.863999e-03
2.130814e-04
3.942005e-04
4.753675e-04
2.130814e-04
2.130814e-04
2.130814e-04
2.130814e-04
3.036410e-04
2.130814e-04
2.130814e-04
2.130814e-04
2.130814e-04
1.420542e-03
3.942005e-04
1.420542e-03
2.130814e-04
2.130814e-04
3.942005e-04
3.036410e-04
2.130814e-04
2.583612e-04
5.753197e-04
3.036410e-04
2.130814e-04
2.130814e-04
3.942005e-04
2.130814e-04
3.942005e-04
2.130814e-04
4.257239e-04
2.130814e-04
2.130814e-04
2.130814e-04
2.740875e-03
2.130814e-04
1.420542e-03
3.942005e-04
3.942005e-04
2.130814e-04
2.130814e-04
2.130814e-04
2.130814e-04
1.420542e-03
1.420542e-03
1.420542e-03
2.130814e-04
2.130814e-04
2.130814e-04
1.420542e-03
1.420542e-03
3.942005e-04
3.030491e-03
1.420542e-03
2.130814e-04
3.942005e-04
3.942005e-04
1.420542e-03
2.130814e-04
3.942005e-04
2.130814e-04
2.130814e-04
5.753197e-04
3.942005e-04
2.073247e-03
3.942005e-04
2.130814e-04
3.942005e-04
2.130814e-04
2.130814e-04
5.753197e-04
2.130814e-04
2.130814e-04
3.942005e-04
3.942005e-04
3.942005e-04
3.942005e-04
2.130814e-04
5.753197e-04
2.130814e-04
2.130814e-04
2.130814e-04
1.420542e-03
2.130814e-04
1.420542e-03
2.583612e-04
1.420542e-03
3.942005e-04
2.130814e-04
2.130814e-04
2.130814e-04
1.975299e-03
2.130814e-04
2.130814e-04
3.942005e-04
2.130814e-04
2.130814e-04
1.420542e-03
2.130814e-04
2.130814e-04
3.942005e-04
2.130814e-04
3.942005e-04
2.130814e-04
2.130814e-04
2.130814e-04
2.130814e-04
2.130814e-04
2.130814e-04
3.942005e-04
3.942005e-04
3.036410e-04
1.420542e-03
6.790104e-04
2.024273e-03
2.130814e-04
2.130814e-04
2.130814e-04
3.942005e-04
2.130814e-04
3.942005e-04
1.420542e-03
2.130814e-04
2.130814e-04
2.734544e-04
2.130814e-04
2.130814e-04
1.420542e-03
4.753675e-04
2.130814e-04
3.036410e-04
3.705763e-04
3.511125e-04
2.130814e-04
3.942005e-04
2.130814e-04
9.375580e-04
1.420542e-03
5.345679e-04
2.130814e-04
2.130814e-04
2.130814e-04
2.130814e-04
1.420542e-03
2.130814e-04
2.130814e-04
3.036410e-04
3.942005e-04
6.171437e-04
2.130814e-04
5.753197e-04
1.420542e-03
2.130814e-04
2.130814e-04
3.036410e-04
2.130814e-04
2.130814e-04
2.130814e-04
3.942005e-04
1.420542e-03
2.130814e-04
3.942005e-04
1.420542e-03
2.734544e-04
1.420542e-03
1.420542e-03
2.130814e-04
1.420542e-03
1.420542e-03
1.420542e-03
1.420542e-03
1.420542e-03
1.420542e-03
3.036410e-04
2.130814e-04
1.420542e-03
1.420542e-03
1.420542e-03
1.420542e-03
5.753197e-04
1.420542e-03
1.420542e-03
1.420542e-03
1.420542e-03
3.705763e-04
1.420542e-03
1.420542e-03
2.130814e-04
5.753197e-04
1.420542e-03
1.420542e-03
1.420542e-03
1.420542e-03
1.420542e-03
2.130814e-04
1.420542e-03
3.942005e-04
1.420542e-03
1.420542e-03
1.094190e-03
2.130814e-04
2.130814e-04
3.942005e-04
1.420542e-03
5.753197e-04
1.420542e-03
1.420542e-03
1.420542e-03
2.130814e-04
1.420542e-03
2.130814e-04
1.420542e-03
2.130814e-04
1.420542e-03
2.130814e-04
1.420542e-03
2.130814e-04
2.130814e-04
1.420542e-03
1.420542e-03
1.420542e-03
3.705763e-04
1.420542e-03
1.420542e-03
1.420542e-03
2.130814e-04
1.420542e-03
1.420542e-03
1.420542e-03
1.420542e-03
1.420542e-03
2.130814e-04
3.573692e-04
2.130814e-04
1.420542e-03
1.420542e-03
1.420542e-03
2.130814e-04
1.420542e-03
1.420542e-03
1.420542e-03
1.420542e-03
1.420542e-03
2.130814e-04
1.420542e-03
2.130814e-04
1.420542e-03
1.420542e-03
2.130814e-04
1.420542e-03
3.036410e-04
1.420542e-03
2.130814e-04
1.420542e-03
1.420542e-03
1.420542e-03
1.420542e-03
1.420542e-03
1.420542e-03
1.420542e-03
1.420542e-03
1.420542e-03
1.420542e-03
1.420542e-03
1.420542e-03
2.130814e-04
1.420542e-03
2.130814e-04
2.130814e-04
1.420542e-03
2.024273e-03
1.420542e-03
1.420542e-03
1.420542e-03
1.420542e-03
1.420542e-03
3.942005e-04
1.420542e-03
1.420542e-03
2.130814e-04
1.420542e-03
1.420542e-03
1.420542e-03
1.420542e-03
1.420542e-03
1.420542e-03
1.420542e-03
1.420542e-03
1.420542e-03
1.420542e-03
1.420542e-03
1.420542e-03
1.208392e-03
2.130814e-04
2.130814e-04
1.420542e-03
1.420542e-03
1.420542e-03
8.794298e-04
1.420542e-03
2.130814e-04
1.420542e-03
3.942005e-04
2.130814e-04
2.130814e-04
1.420542e-03
1.420542e-03
1.420542e-03
1.420542e-03
1.420542e-03
1.420542e-03
1.420542e-03
1.420542e-03
1.420542e-03
2.130814e-04
1.420542e-03
6.535389e-04
3.942005e-04
2.130814e-04
1.420542e-03
1.420542e-03
1.420542e-03
3.942005e-04
1.420542e-03
1.420542e-03
2.130814e-04
2.130814e-04
1.420542e-03
1.420542e-03
3.036410e-04
1.420542e-03
1.420542e-03
1.420542e-03
1.420542e-03
2.130814e-04
2.130814e-04
1.420542e-03
2.130814e-04
2.130814e-04
1.420542e-03
1.420542e-03
1.420542e-03
2.130814e-04
3.942005e-04
3.705763e-04
1.420542e-03
1.420542e-03
1.420542e-03
1.420542e-03
1.420542e-03
1.420542e-03
1.420542e-03
3.942005e-04
2.130814e-04
1.420542e-03
1.420542e-03
1.420542e-03
1.420542e-03
1.420542e-03
2.438838e-03
1.420542e-03
1.420542e-03
1.420542e-03
1.420542e-03
1.420542e-03
1.094190e-03
1.420542e-03
1.420542e-03
1.420542e-03
1.420542e-03
1.420542e-03
1.420542e-03
1.420542e-03
1.420542e-03
1.420542e-03
1.420542e-03
3.942005e-04
1.420542e-03
2.130814e-04
2.130814e-04
1.420542e-03
1.420542e-03
2.130814e-04
2.130814e-04
2.130814e-04
5.868390e-04
1.420542e-03
1.420542e-03
1.420542e-03
1.420542e-03
1.420542e-03
3.942005e-04
1.420542e-03
1.843154e-03
1.420542e-03
3.942005e-04
1.420542e-03
3.942005e-04
1.420542e-03
1.420542e-03
1.420542e-03
1.420542e-03
2.583612e-04
3.036410e-04
1.420542e-03
1.420542e-03
1.420542e-03
1.420542e-03
2.130814e-04
3.030491e-03
1.420542e-03
1.420542e-03
1.420542e-03
1.420542e-03
3.705763e-04
1.420542e-03
1.420542e-03
1.420542e-03
2.130814e-04
1.420542e-03
2.130814e-04
1.420542e-03
1.420542e-03
1.420542e-03
1.420542e-03
1.420542e-03
1.420542e-03
1.420542e-03
2.130814e-04
1.420542e-03
1.420542e-03
2.130814e-04
1.420542e-03
3.036410e-04
1.420542e-03
2.130814e-04
1.420542e-03
2.130814e-04
1.420542e-03
1.420542e-03
3.036410e-04
1.420542e-03
1.420542e-03
1.420542e-03
3.942005e-04
2.130814e-04
1.420542e-03
1.420542e-03
1.420542e-03
1.420542e-03
2.130814e-04
1.420542e-03
3.942005e-04
2.130814e-04
1.420542e-03
1.420542e-03
1.420542e-03
3.942005e-04
1.420542e-03
1.420542e-03
1.420542e-03
1.420542e-03
1.823030e-03
2.130814e-04
1.420542e-03
3.942005e-04
3.942005e-04
1.420542e-03
2.130814e-04
1.420542e-03
1.420542e-03
1.420542e-03
1.420542e-03
1.420542e-03
1.208392e-03
1.420542e-03
1.420542e-03
2.130814e-04
1.420542e-03
1.420542e-03
1.420542e-03
1.420542e-03
5.753197e-04
1.420542e-03
2.130814e-04
1.420542e-03
1.420542e-03
2.130814e-04
1.420542e-03
1.420542e-03
2.130814e-04
1.420542e-03
1.420542e-03
1.420542e-03
1.420542e-03
1.420542e-03
